#Null title                                                       Feff  7.023
#Abs   Z=26 Rmt= 1.051 Rnm= 1.392 K  shell
#Pot 1 Z=82 Rmt= 1.857 Rnm= 2.049
#Pot 2 Z=26 Rmt= 1.083 Rnm= 1.447
#Pot 3 Z= 8 Rmt= 0.908 Rnm= 1.149
#Gam_ch=1.325E+00 H-L exch
#Mu=-2.461E+00 kf=1.865E+00 Vint=-1.571E+01 Rs_int= 1.945
#Path    4      icalc       2
#-----------------------------------------------------------------------
#  2   3.000   3.4059    2.7308   -2.46052 nleg, deg, reff, rnrmav(bohr), edge
#       x         y         z   pot at#
#    0.0000    0.0000    0.0000  0  26 Fe       absorbing atom
#   -3.4023    0.0000   -0.1554  1  82 Pb
#   k   real[2*phc]   mag[feff]  phase[feff] red factor   lambda     real[p]@#
  0.000  2.0681E+00  0.0000E+00 -9.8965E-01  1.034E+00  2.1456E+01  1.8655E+00
  0.100  2.0663E+00  2.9386E-02 -1.6606E+00  1.034E+00  2.1486E+01  1.8681E+00
  0.200  2.0607E+00  5.9626E-02 -2.3106E+00  1.034E+00  2.1570E+01  1.8758E+00
  0.300  2.0514E+00  9.1569E-02 -2.9379E+00  1.034E+00  2.1702E+01  1.8886E+00
  0.400  2.0385E+00  1.2602E-01 -3.5401E+00  1.034E+00  2.1864E+01  1.9063E+00
  0.500  2.0219E+00  1.6364E-01 -4.1144E+00  1.034E+00  2.2037E+01  1.9289E+00
  0.600  2.0018E+00  2.0483E-01 -4.6585E+00  1.034E+00  2.2196E+01  1.9561E+00
  0.700  1.9782E+00  2.4957E-01 -5.1707E+00  1.035E+00  2.2313E+01  1.9879E+00
  0.800  1.9510E+00  2.9735E-01 -5.6500E+00  1.035E+00  2.2359E+01  2.0240E+00
  0.900  1.9203E+00  3.4711E-01 -6.0961E+00  1.036E+00  2.2310E+01  2.0644E+00
  1.000  1.8861E+00  3.9730E-01 -6.5094E+00  1.038E+00  2.2146E+01  2.1087E+00
  1.100  1.8482E+00  4.4601E-01 -6.8902E+00  1.040E+00  2.1855E+01  2.1570E+00
  1.200  1.8067E+00  4.9115E-01 -7.2390E+00  1.043E+00  2.1437E+01  2.2090E+00
  1.300  1.7612E+00  5.3074E-01 -7.5552E+00  1.046E+00  2.0900E+01  2.2647E+00
  1.400  1.7118E+00  5.6311E-01 -7.8376E+00  1.050E+00  2.0265E+01  2.3239E+00
  1.500  1.6580E+00  5.8726E-01 -8.0834E+00  1.055E+00  1.9558E+01  2.3868E+00
  1.600  1.5996E+00  6.0212E-01 -8.2837E+00  1.060E+00  1.8811E+01  2.4531E+00
  1.700  1.5363E+00  5.9198E-01 -8.4352E+00  1.065E+00  1.8058E+01  2.5230E+00
  1.800  1.4676E+00  5.6890E-01 -8.5636E+00  1.070E+00  1.7332E+01  2.5966E+00
  1.900  1.3930E+00  5.4454E-01 -8.6611E+00  1.075E+00  1.6664E+01  2.6739E+00
  2.200  1.1107E+00  4.9196E-01 -8.6419E+00  1.086E+00  1.5310E+01  2.9373E+00
  2.400  9.0499E-01  6.3352E-01 -8.4605E+00  1.236E+00  8.3210E+00  3.1258E+00
  2.600  8.4299E-01  8.6230E-01 -8.3999E+00  1.320E+00  6.7124E+00  3.2602E+00
  2.800  7.8281E-01  1.0686E+00 -8.4146E+00  1.352E+00  6.0474E+00  3.3955E+00
  3.000  6.9367E-01  1.1636E+00 -8.4834E+00  1.357E+00  5.7524E+00  3.5408E+00
  3.200  5.8771E-01  1.1410E+00 -8.5782E+00  1.346E+00  5.6415E+00  3.6924E+00
  3.400  4.6936E-01  1.0382E+00 -8.6604E+00  1.327E+00  5.6385E+00  3.8494E+00
  3.600  3.4152E-01  8.9383E-01 -8.6847E+00  1.304E+00  5.7065E+00  4.0113E+00
  3.800  2.0723E-01  7.5964E-01 -8.6376E+00  1.278E+00  5.8252E+00  4.1776E+00
  4.000  6.8337E-02  6.7493E-01 -8.5398E+00  1.252E+00  5.9825E+00  4.3476E+00
  4.200 -7.3292E-02  6.4061E-01 -8.4649E+00  1.228E+00  6.1705E+00  4.5210E+00
  4.400 -2.1586E-01  6.1757E-01 -8.4524E+00  1.205E+00  6.3838E+00  4.6973E+00
  4.600 -3.5813E-01  5.8134E-01 -8.5024E+00  1.182E+00  6.6185E+00  4.8761E+00
  4.800 -4.9920E-01  5.1220E-01 -8.5773E+00  1.161E+00  6.8720E+00  5.0571E+00
  5.000 -6.3802E-01  4.0616E-01 -8.6488E+00  1.141E+00  7.1420E+00  5.2401E+00
  5.200 -7.7379E-01  2.7157E-01 -8.6872E+00  1.123E+00  7.4269E+00  5.4248E+00
  5.400 -9.0624E-01  1.3163E-01 -8.6440E+00  1.106E+00  7.7254E+00  5.6109E+00
  5.600 -1.0349E+00  2.3593E-02 -7.5501E+00  1.090E+00  8.0364E+00  5.7984E+00
  5.800 -1.1597E+00  8.9322E-02 -5.9635E+00  1.075E+00  8.3590E+00  5.9871E+00
  6.000 -1.2809E+00  1.4821E-01 -5.8042E+00  1.062E+00  8.6926E+00  6.1767E+00
  6.500 -1.5688E+00  2.5812E-01 -5.5000E+00  1.035E+00  9.5707E+00  6.6546E+00
  7.000 -1.8406E+00  4.0437E-01 -5.3838E+00  1.016E+00  1.0506E+01  7.1367E+00
  7.500 -2.1026E+00  4.8778E-01 -5.3742E+00  1.001E+00  1.1494E+01  7.6221E+00
  8.000 -2.3604E+00  4.7986E-01 -5.2823E+00  9.876E-01  1.2530E+01  8.1099E+00
  8.500 -2.6173E+00  4.6752E-01 -5.1376E+00  9.732E-01  1.3612E+01  8.5997E+00
  9.000 -2.8691E+00  4.5848E-01 -5.0578E+00  9.609E-01  1.4737E+01  9.0911E+00
  9.500 -3.1082E+00  4.2300E-01 -4.9405E+00  9.506E-01  1.5903E+01  9.5837E+00
 10.000 -3.3310E+00  3.9704E-01 -4.7287E+00  9.423E-01  1.7109E+01  1.0077E+01
 10.500 -3.5389E+00  3.9488E-01 -4.5603E+00  9.360E-01  1.8353E+01  1.0572E+01
 12.000 -4.1176E+00  4.3264E-01 -4.1372E+00  9.292E-01  2.2302E+01  1.2059E+01
 13.000 -4.4792E+00  4.7308E-01 -4.0163E+00  9.279E-01  2.5106E+01  1.3052E+01
 14.000 -4.8038E+00  5.2628E-01 -3.9617E+00  9.265E-01  2.8039E+01  1.4047E+01
 15.000 -5.0992E+00  5.4430E-01 -3.9980E+00  9.270E-01  3.1096E+01  1.5042E+01
 16.000 -5.3838E+00  5.1588E-01 -4.0287E+00  9.288E-01  3.4272E+01  1.6039E+01
 17.000 -5.6499E+00  5.1505E-01 -3.9539E+00  9.296E-01  3.7563E+01  1.7036E+01
 18.000 -5.8909E+00  5.1194E-01 -3.8283E+00  9.300E-01  4.0963E+01  1.8033E+01
 19.000 -6.1212E+00  4.8054E-01 -2.8256E+00  9.311E-01  4.4471E+01  1.9031E+01
 20.000 -6.3438E+00  5.1921E-01  3.3178E-01  9.318E-01  4.8082E+01  2.0028E+01
 21.000 -6.5489E+00  5.0903E-01  7.5275E-01  9.320E-01  5.1793E+01  2.1027E+01
