# data from ifeffit
#------------------------
#   energy      xmu       bkg       preline      normline      ee        chie
  6911.7671      -0.35992590E-01  -0.35992590E-01  -0.37455984E-01    1.5220655       -210.23290        0.0000000
  6916.8730      -0.39081634E-01  -0.39081634E-01  -0.40380298E-01    1.5148708       -205.12700        0.0000000
  6921.7030      -0.42193483E-01  -0.42193483E-01  -0.43146619E-01    1.5080856       -200.29700        0.0000000
  6926.8344      -0.45165576E-01  -0.45165576E-01  -0.46085538E-01    1.5008994       -195.16560        0.0000000
  6931.7399      -0.47365589E-01  -0.47365589E-01  -0.48895118E-01    1.4940508       -190.26010        0.0000000
  6936.9887      -0.51824526E-01  -0.51824526E-01  -0.51901251E-01    1.4867463       -185.01130        0.0000000
  6941.7869      -0.54345142E-01  -0.54345142E-01  -0.54649375E-01    1.4800897       -180.21310        0.0000000
  6946.8779      -0.57534656E-01  -0.57534656E-01  -0.57565203E-01    1.4730487       -175.12210        0.0000000
  6951.9154      -0.60404535E-01  -0.60404535E-01  -0.60450360E-01    1.4661040       -170.08460        0.0000000
  6956.9401      -0.63496774E-01  -0.63496774E-01  -0.63328158E-01    1.4591990       -165.05990        0.0000000
  6961.9621      -0.66253301E-01  -0.66253301E-01  -0.66204427E-01    1.4523196       -160.03790        0.0000000
  6966.8684      -0.69411878E-01  -0.69411878E-01  -0.69014437E-01    1.4456199       -155.13160        0.0000000
  6971.9156      -0.72276060E-01  -0.72276060E-01  -0.71905178E-01    1.4387495       -150.08440        0.0000000
  6976.8572      -0.75346493E-01  -0.75346493E-01  -0.74735385E-01    1.4320445       -145.14280        0.0000000
  6981.9918      -0.78131005E-01  -0.78131005E-01  -0.77676155E-01    1.4251000       -140.00820        0.0000000
  6986.8759      -0.80983962E-01  -0.80983962E-01  -0.80473481E-01    1.4185156       -135.12410        0.0000000
  6991.9328      -0.83849719E-01  -0.83849719E-01  -0.83369729E-01    1.4117202       -130.06720        0.0000000
  6996.9144      -0.86748719E-01  -0.86748719E-01  -0.86222865E-01    1.4050476       -125.08560        0.0000000
  7001.8515      -0.89708205E-01  -0.89708205E-01  -0.89050522E-01    1.3984560       -120.14850        0.0000000
  7006.9934      -0.92703649E-01  -0.92703649E-01  -0.91995467E-01    1.3916134       -115.00660        0.0000000
  7011.8412      -0.95368015E-01  -0.95368015E-01  -0.94772007E-01    1.3851833       -110.15880        0.0000000
  7016.9463      -0.98405177E-01  -0.98405177E-01  -0.97695871E-01    1.3784340       -105.05370        0.0000000
  7021.8712      -0.10117834      -0.10117834      -0.10051653        1.3719444       -100.12880        0.0000000
  7026.8765      -0.10382368      -0.10382368      -0.10338325        1.3653705       -95.123500        0.0000000
  7031.9730      -0.10672080      -0.10672080      -0.10630221        1.3586992       -90.027000        0.0000000
  7036.8361      -0.10943124      -0.10943124      -0.10908744        1.3523546       -85.163900        0.0000000
  7041.8952      -0.11203882      -0.11203882      -0.11198496        1.3457760       -80.104800        0.0000000
  7046.8567      -0.11484428      -0.11484428      -0.11482659        1.3393459       -75.143300        0.0000000
  7051.8254      -0.11746089      -0.11746089      -0.11767239        1.3329278       -70.174600        0.0000000
  7056.8965      -0.12024282      -0.12024282      -0.12057677        1.3263998       -65.103500        0.0000000
  7061.8378      -0.12257262      -0.12257262      -0.12340683        1.3200604       -60.162200        0.0000000
  7066.7546      -0.12499900      -0.12499900      -0.12622285        1.3137734       -55.245400        0.0000000
  7071.8057      -0.12740380      -0.12740380      -0.12911579        1.3073367       -50.194300        0.0000000
  7076.7476      -0.12957813      -0.12957813      -0.13194618        1.3010606       -45.252400        0.0000000
  7081.6860      -0.13160163      -0.13160163      -0.13477461        1.2948100       -40.314000        0.0000000
  7086.7913      -0.13317032      -0.13317032      -0.13769860        1.2883706       -35.208700        0.0000000
  7091.5312      -0.13442890      -0.13442890      -0.14041331        1.2824123       -30.468800        0.0000000
  7096.5552      -0.13462033      -0.13462033      -0.14329075        1.2761182       -25.444800        0.0000000
  7101.5653      -0.13600264      -0.13600264      -0.14616021        1.2698635       -20.434700        0.0000000
  7101.9395      -0.13821163      -0.13821163      -0.14637452        1.2693972       -20.060500        0.0000000
  7102.2817      -0.13848671      -0.13848671      -0.14657047        1.2689710       -19.718300        0.0000000
  7102.6987      -0.13669881      -0.13669881      -0.14680933        1.2684516       -19.301300        0.0000000
  7103.1906      -0.13361964      -0.13361964      -0.14709109        1.2678391       -18.809400        0.0000000
  7103.6399      -0.13235382      -0.13235382      -0.14734838        1.2672800       -18.360100        0.0000000
  7104.0036      -0.13184203      -0.13184203      -0.14755669        1.2668274       -17.996400        0.0000000
  7104.2818      -0.13145725      -0.13145725      -0.14771600        1.2664814       -17.718200        0.0000000
  7104.6241      -0.13105615      -0.13105615      -0.14791210        1.2660555       -17.375900        0.0000000
  7105.0950      -0.13007480      -0.13007480      -0.14818176        1.2654701       -16.905000        0.0000000
  7105.5231      -0.12972524      -0.12972524      -0.14842694        1.2649380       -16.476900        0.0000000
  7105.8763      -0.12906308      -0.12906308      -0.14862923        1.2644991       -16.123700        0.0000000
  7106.2402      -0.12820551      -0.12820551      -0.14883768        1.2640469       -15.759800        0.0000000
  7106.5721      -0.12779651      -0.12779651      -0.14902775        1.2636347       -15.427900        0.0000000
  7107.0646      -0.12650680      -0.12650680      -0.14930983        1.2630232       -14.935400        0.0000000
  7107.5251      -0.12534315      -0.12534315      -0.14957356        1.2624516       -14.474900        0.0000000
  7107.9427      -0.12418890      -0.12418890      -0.14981277        1.2619333       -14.057300        0.0000000
  7108.3176      -0.12289514      -0.12289514      -0.15002748        1.2614683       -13.682400        0.0000000
  7108.5961      -0.12159500      -0.12159500      -0.15018700        1.2611229       -13.403900        0.0000000
  7108.9711      -0.11921916      -0.11921916      -0.15040175        1.2606579       -13.028900        0.0000000
  7109.5068      -0.11541237      -0.11541237      -0.15070857        1.2599939       -12.493200        0.0000000
  7109.9354      -0.11000525      -0.11000525      -0.15095407        1.2594627       -12.064600        0.0000000
  7110.2784      -0.10302579      -0.10302579      -0.15115049        1.2590378       -11.721600        0.0000000
  7110.6214      -0.93821422E-01  -0.93821422E-01  -0.15134693        1.2586131       -11.378600        0.0000000
  7111.0073      -0.81290386E-01  -0.81290386E-01  -0.15156794        1.2581352       -10.992700        0.0000000
  7111.4683      -0.68571128E-01  -0.68571128E-01  -0.15183197        1.2575646       -10.531700        0.0000000
  7111.9186      -0.60274265E-01  -0.60274265E-01  -0.15208989        1.2570073       -10.081400        0.0000000
  7112.3583      -0.53379949E-01  -0.53379949E-01  -0.15234170        1.2564635       -9.6417000        0.0000000
  7112.6693      -0.47609055E-01  -0.47609055E-01  -0.15251983        1.2560788       -9.3307000        0.0000000
  7112.9374      -0.41369414E-01  -0.41369414E-01  -0.15267341        1.2557473       -9.0626000        0.0000000
  7113.3772      -0.34623186E-01  -0.34623186E-01  -0.15292529        1.2552036       -8.6228000        0.0000000
  7113.8278      -0.30176765E-01  -0.30176765E-01  -0.15318336        1.2546468       -8.1722000        0.0000000
  7114.2462      -0.23621269E-01  -0.23621269E-01  -0.15342302        1.2541298       -7.7538000        0.0000000
  7114.5789      -0.13749109E-01  -0.13749109E-01  -0.15361354        1.2537190       -7.4211000        0.0000000
  7114.9008      -0.24494087E-02  -0.24494087E-02  -0.15379793        1.2533214       -7.0992000        0.0000000
  7115.3194       0.16936533E-01   0.16936533E-01  -0.15403767        1.2528047       -6.6806000        0.0000000
  7115.8132       0.45836189E-01   0.45836189E-01  -0.15432047        1.2521953       -6.1868000        0.0000000
  7116.2426       0.75197507E-01   0.75197507E-01  -0.15456642        1.2516656       -5.7574000        0.0000000
  7116.6721       0.11009566       0.11009566      -0.15481241        1.2511359       -5.3279000        0.0000000
  7116.9728       0.14427841       0.14427841      -0.15498461        1.2507652       -5.0272000        0.0000000
  7117.2627       0.19080203       0.19080203      -0.15515068        1.2504077       -4.7373000        0.0000000
  7117.7783       0.26433047       0.26433047      -0.15544595        1.2497724       -4.2217000        0.0000000
  7118.2402       0.33439169       0.33439169      -0.15571050        1.2492033       -3.7598000        0.0000000
  7118.6270       0.40469157       0.40469157      -0.15593201        1.2487270       -3.3730000        0.0000000
  7118.9708       0.46594703       0.46594703      -0.15612893        1.2483037       -3.0292000        0.0000000
  7119.2931       0.51933041       0.51933041      -0.15631356        1.2479068       -2.7069000        0.0000000
  7119.7660       0.59593646       0.59593646      -0.15658438        1.2473249       -2.2340000        0.0000000
  7120.2067       0.65853366       0.65853366      -0.15683677        1.2467828       -1.7933000        0.0000000
  7120.6367       0.71506333       0.71506333      -0.15708304        1.2462540       -1.3633000        0.0000000
  7121.0344       0.76685939       0.76685939      -0.15731086        1.2457649      -0.96560000        0.0000000
  7121.3247       0.81331120       0.81331120      -0.15747713        1.2454081      -0.67530000        0.0000000
  7121.6473       0.88132224       0.88132224      -0.15766189        1.2450116      -0.35270000        0.0000000
  7122.0990       0.96982546       0.96982546      -0.15792058        1.2444567       0.99000000E-01    0.0000000
  7122.5507        1.0609442        1.0609442      -0.15817930        1.2439019       0.55070000        0.0000000
  7122.9272        1.1520083        1.1309221      -0.15839493        1.2434396       0.92720000       0.21086200E-01
  7123.2500        1.2277466        1.1316493      -0.15857977        1.2430435        1.2500000       0.96097300E-01
  7123.5943        1.3064567        1.1324140      -0.15877696        1.2426209        1.5943000       0.17404270
  7124.0785        1.3897857        1.1334703      -0.15905429        1.2420269        2.0785000       0.25631540
  7124.5412        1.4488121        1.1344589      -0.15931933        1.2414593        2.5412000       0.31435320
  7124.9718        1.4916355        1.1353604      -0.15956590        1.2409314        2.9718000       0.35627510
  7125.3377        1.5253895        1.1361131      -0.15977552        1.2404828        3.3377000       0.38927640
  7125.6392        1.5576798        1.1367236      -0.15994816        1.2401134        3.6392000       0.42095620
  7125.9945        1.6054069        1.1374325      -0.16015165        1.2396781        3.9945000       0.46797440
  7126.5329        1.6685989        1.1384844      -0.16046001        1.2390187        4.5329000       0.53011450
  7126.9744        1.7280946        1.1393272      -0.16071291        1.2384781        4.9744000       0.58876740
  7127.3191        1.7788395        1.1399729      -0.16091031        1.2380563        5.3191000       0.63886660
  7127.6315        1.8158746        1.1405488      -0.16108922        1.2376740        5.6315000       0.67532580
  7127.9977        1.8452568        1.1412129      -0.16129900        1.2372259        5.9977000       0.70404390
  7128.5149        1.8495809        1.1421302      -0.16159520        1.2365934        6.5149000       0.70745070
  7128.9244        1.8256022        1.1428397      -0.16182972        1.2360927        6.9244000       0.68276250
  7129.3555        1.7821155        1.1435708      -0.16207661        1.2355658        7.3555000       0.63854470
  7129.7111        1.7332258        1.1441617      -0.16228032        1.2351312        7.7111000       0.58906410
  7129.9806        1.6808437        1.1446022      -0.16243467        1.2348020        7.9806000       0.53624150
  7130.3903        1.5977283        1.1452598      -0.16266929        1.2343017        8.3903000       0.45246850
  7130.8539        1.5268502        1.1459867      -0.16293482        1.2337356        8.8539000       0.38086350
  7131.2852        1.4647408        1.1466467      -0.16318185        1.2332091        9.2852000       0.31809410
  7131.6087        1.4147310        1.1471314      -0.16336715        1.2328143        9.6087000       0.26759960
  7131.9323        1.3753900        1.1476074      -0.16355246        1.2324196        9.9323000       0.22778260
  7132.3314        1.3349634        1.1481825      -0.16378104        1.2319328        10.331400       0.18678090
  7132.8384        1.2963582        1.1488943      -0.16407143        1.2313146        10.838400       0.14746390
  7133.2484        1.2711328        1.1494545      -0.16430625        1.2308149        11.248400       0.12167830
  7133.6585        1.2517658        1.1500011      -0.16454110        1.2303153        11.658500       0.10176470
  7134.0146        1.2359428        1.1504648      -0.16474506        1.2298814        12.014600       0.85478000E-01
  7134.3060        1.2211765        1.1508367      -0.16491196        1.2295265        12.306000       0.70339800E-01
  7134.7701        1.1994605        1.1514152      -0.16517779        1.2289614        12.770100       0.48045300E-01
  7135.2559        1.1813965        1.1520025      -0.16545603        1.2283701        13.255900       0.29394000E-01
  7135.6770        1.1658542        1.1524967      -0.16569720        1.2278577        13.677000       0.13357500E-01
  7135.9902        1.1533380        1.1528553      -0.16587655        1.2274768        13.990200       0.48270000E-03
  7136.3141        1.1429410        1.1532183      -0.16606210        1.2270828        14.314100      -0.10277300E-01
  7136.7570        1.1317763        1.1537016      -0.16631571        1.2265444        14.757000      -0.21925300E-01
  7137.2322        1.1234352        1.1542038      -0.16658792        1.2259668        15.232200      -0.30768600E-01
  7137.6428        1.1194838        1.1546240      -0.16682304        1.2254680        15.642800      -0.35140200E-01
  7138.0533        1.1183458        1.1550317      -0.16705819        1.2249692        16.053300      -0.36685900E-01
  7138.3667        1.1192256        1.1553345      -0.16723766        1.2245887        16.366700      -0.36108900E-01
  7138.6801        1.1232701        1.1556301      -0.16741715        1.2242082        16.680100      -0.32360000E-01
  7139.1016        1.1326786        1.1560165      -0.16765856        1.2236966        17.101600      -0.23337900E-01
  7139.5880        1.1450271        1.1564465      -0.16793715        1.2231064        17.588000      -0.11419400E-01
  7139.9664        1.1576786        1.1567693      -0.16815385        1.2226474        17.966400       0.90930000E-03
  7140.3015        1.1711663        1.1570467      -0.16834581        1.2222410        18.301500       0.14119600E-01
  7140.6043        1.1846449        1.1572906      -0.16851921        1.2218739        18.604300       0.27354300E-01
  7141.1017        1.2032606        1.1576774      -0.16880411        1.2212710        19.101700       0.45583200E-01
  7141.5451        1.2161074        1.1580079      -0.16905808        1.2207337        19.545100       0.58099500E-01
  7141.9670        1.2251375        1.1583098      -0.16929969        1.2202227        19.967000       0.66827700E-01
  7142.3456        1.2293467        1.1585705      -0.16951655        1.2197642        20.345600       0.70776200E-01
  7142.6810        1.2305564        1.1587934      -0.16970864        1.2193581        20.681000       0.71763000E-01
  7143.0165        1.2285678        1.1590088      -0.16990075        1.2189521        21.016500       0.69559000E-01
  7143.5034        1.2203257        1.1593084      -0.17017965        1.2183629        21.503400       0.61017300E-01
  7143.9688        1.2097022        1.1595803      -0.17044620        1.2178000        21.968800       0.50121900E-01
  7144.3693        1.1974111        1.1598030      -0.17067558        1.2173157        22.369300       0.37608100E-01
  7144.6616        1.1865185        1.1599591      -0.17084299        1.2169624        22.661600       0.26559400E-01
  7145.0081        1.1728950        1.1601371      -0.17104141        1.2165436        23.008100       0.12757900E-01
  7145.5061        1.1548904        1.1603798      -0.17132668        1.2159418        23.506100      -0.54894000E-02
  7145.9285        1.1390832        1.1605735      -0.17156857        1.2154317        23.928500      -0.21490300E-01
  7146.1342        1.1320942        1.1606639      -0.17168642        1.2151832        24.134200      -0.28569700E-01
  7147.1308        1.0998926        1.1610653      -0.17225719        1.2139803        25.130800      -0.61172700E-01
  7148.3769        1.0672428        1.1614840      -0.17297088        1.2124774        26.376900      -0.94241200E-01
  7149.4825        1.0462001        1.1617804      -0.17360411        1.2111451        27.482500      -0.11558030
  7150.7729        1.0305708        1.1620399      -0.17434313        1.2095915        28.772900      -0.13146910
  7151.9661        1.0203347        1.1621998      -0.17502651        1.2081562        29.966100      -0.14186510
  7153.2031        1.0129244        1.1622872      -0.17573499        1.2066694        31.203100      -0.14936280
  7154.5382        1.0093910        1.1622953      -0.17649969        1.2050662        32.538200      -0.15290430
  7155.7110        1.0107830        1.1622315      -0.17717138        1.2036593        33.711000      -0.15144850
  7157.0580        1.0182706        1.1620796      -0.17794286        1.2020448        35.058000      -0.14380900
  7158.3621        1.0302146        1.1618560      -0.17868974        1.2004833        36.362100      -0.13164140
  7159.6775        1.0426520        1.1615576      -0.17944313        1.1989096        37.677500      -0.11890560
  7161.1349        1.0576181        1.1611459      -0.18027780        1.1971680        39.134900      -0.10352780
  7162.3752        1.0716599        1.1607317      -0.18098818        1.1956872        40.375200      -0.89071800E-01
  7163.8554        1.0946207        1.1601651      -0.18183598        1.1939217        41.855400      -0.65544400E-01
  7165.2383        1.1318477        1.1595688      -0.18262800        1.1922740        43.238300      -0.27721100E-01
  7166.5673        1.1753118        1.1589386      -0.18338914        1.1906921        44.567300       0.16373200E-01
  7168.1256        1.2199916        1.1581334      -0.18428167        1.1888392        46.125600       0.61858200E-01
  7169.6520        1.2569450        1.1572807      -0.18515587        1.1870263        47.652000       0.99664300E-01
  7171.0481        1.2828485        1.1564500      -0.18595548        1.1853699        49.048100       0.12639850
  7172.5757        1.2985035        1.1554906      -0.18683042        1.1835594        50.575700       0.14301290
  7174.1587        1.3049304        1.1544466      -0.18773702        1.1816856        52.158700       0.15048380
  7175.6768        1.3015198        1.1534032      -0.18860649        1.1798905        53.676800       0.14811660
  7177.2065        1.2871232        1.1523157      -0.18948261        1.1780837        55.206500       0.13480750
  7178.9337        1.2605068        1.1510512      -0.19047184        1.1760461        56.933700       0.10945560
  7180.5524        1.2322326        1.1498376      -0.19139890        1.1741389        58.552400       0.82395000E-01
  7182.1171        1.2065797        1.1486446      -0.19229507        1.1722974        60.117100       0.57935100E-01
  7183.6825        1.1838061        1.1474373      -0.19319164        1.1704573        61.682500       0.36368800E-01
  7185.4567        1.1639835        1.1460568      -0.19420782        1.1683742        63.456700       0.17926700E-01
  7187.2319        1.1441377        1.1446629      -0.19522453        1.1662927        65.231900      -0.52520000E-03
  7188.9312        1.1256682        1.1433168      -0.19619779        1.1643028        66.931200      -0.17648600E-01
  7190.5875        1.1096090        1.1419940      -0.19714640        1.1623657        68.587500      -0.32385000E-01
  7192.3105        1.0955437        1.1406067      -0.19813319        1.1603532        70.310500      -0.45063000E-01
  7194.1551        1.0865875        1.1391089      -0.19918966        1.1582014        72.155100      -0.52521400E-01
  7196.0336        1.0848043        1.1375704      -0.20026557        1.1560131        74.033600      -0.52766100E-01
  7197.8472        1.0896318        1.1360727      -0.20130429        1.1539033        75.847200      -0.46440900E-01
  7199.5848        1.0976847        1.1346265      -0.20229945        1.1518847        77.584800      -0.36941800E-01
  7201.3452        1.1061971        1.1331502      -0.20330772        1.1498422        79.345200      -0.26953100E-01
  7203.3158        1.1127269        1.1314847      -0.20443632        1.1475591        81.315800      -0.18757800E-01
  7205.3535        1.1137379        1.1297482      -0.20560344        1.1452016        83.353500      -0.16010300E-01
  7207.2492        1.1113734        1.1281200      -0.20668915        1.1430118        85.249200      -0.16746600E-01
  7209.1459        1.1091910        1.1264788      -0.20777547        1.1408240        87.145900      -0.17287800E-01
  7211.1209        1.1094735        1.1247572      -0.20890662        1.1385491        89.120900      -0.15283700E-01
  7213.0750        1.1128175        1.1230414      -0.21002577        1.1363017        91.075000      -0.10223900E-01
  7215.0412        1.1197526        1.1213025      -0.21115188        1.1340437        93.041200      -0.15499000E-02
  7217.0748        1.1290785        1.1194913      -0.21231662        1.1317118        95.074800       0.95872000E-02
  7219.0322        1.1381600        1.1177360      -0.21343769        1.1294707        97.032200       0.20424000E-01
  7221.2010        1.1431486        1.1157776      -0.21467985        1.1269914        99.201000       0.27371000E-01
  7223.3269        1.1401358        1.1138444      -0.21589740        1.1245653        101.32690       0.26291400E-01
  7225.4540        1.1303143        1.1118971      -0.21711571        1.1221415        103.45400       0.18417200E-01
  7227.5271        1.1164000        1.1099869      -0.21830300        1.1197832        105.52710       0.64131000E-02
  7229.6901        1.0995240        1.1079812      -0.21954185        1.1173266        107.69010      -0.84572000E-02
  7231.9100        1.0815925        1.1059096      -0.22081326        1.1148095        109.91000      -0.24317100E-01
  7234.0757        1.0654326        1.1038759      -0.22205366        1.1123580        112.07570      -0.38443300E-01
  7236.2428        1.0548029        1.1018290      -0.22329484        1.1099091        114.24280      -0.47026100E-01
  7238.4892        1.0525590        1.0996947      -0.22458139        1.1073749        116.48920      -0.47135700E-01
  7240.7815        1.0627457        1.0975041      -0.22589428        1.1047934        118.78150      -0.34758400E-01
  7243.0196        1.0736859        1.0953533      -0.22717613        1.1022773        121.01960      -0.21667400E-01
  7245.2257        1.0889298        1.0932218      -0.22843966        1.0998014        123.22570      -0.42920000E-02
  7247.5225        1.1001406        1.0909912      -0.22975508        1.0972284        125.52250       0.91494000E-02
  7249.8877        1.1054398        1.0886822      -0.23110973        1.0945834        127.88770       0.16757600E-01
  7252.2322        1.1045125        1.0863817      -0.23245251        1.0919664        130.23220       0.18130800E-01
  7254.4441        1.1010799        1.0842011      -0.23371938        1.0895017        132.44410       0.16878800E-01
  7256.8923        1.0972424        1.0817763      -0.23512155        1.0867788        134.89230       0.15466100E-01
  7259.2080        1.0958877        1.0794723      -0.23644780        1.0842081        137.20800       0.16415400E-01
  7261.6595        1.0970404        1.0770225      -0.23785189        1.0814916        139.65950       0.20017900E-01
  7263.9447        1.0995099        1.0747294      -0.23916070        1.0789641        141.94470       0.24780500E-01
  7266.3884        1.1014074        1.0722675      -0.24056027        1.0762664        144.38840       0.29139900E-01
  7268.9011        1.1022522        1.0697260      -0.24199939        1.0734979        146.90110       0.32526200E-01
  7271.3707        1.1011670        1.0672187      -0.24341381        1.0707822        149.37070       0.33948300E-01
  7273.9207        1.0968847        1.0646203      -0.24487429        1.0679837        151.92070       0.32264400E-01
  7276.5063        1.0896655        1.0619764      -0.24635515        1.0651519        154.50630       0.27689100E-01
  7279.0825        1.0796905        1.0593333      -0.24783067        1.0623361        157.08250       0.20357200E-01
  7281.4918        1.0677709        1.0568542      -0.24921052        1.0597081        159.49180       0.10916700E-01
  7284.1280        1.0535296        1.0541336      -0.25072041        1.0568382        162.12800      -0.60400000E-03
  7286.6761        1.0388369        1.0514969      -0.25217976        1.0540701        164.67610      -0.12660000E-01
  7289.1808        1.0252689        1.0488986      -0.25361432        1.0513546        167.18080      -0.23629700E-01
  7291.9020        1.0125549        1.0460691      -0.25517282        1.0484106        169.90200      -0.33514200E-01
  7294.6478        1.0049324        1.0432075      -0.25674547        1.0454464        172.64780      -0.38275100E-01
  7297.3619        1.0017291        1.0403733      -0.25829992        1.0425229        175.36190      -0.38644200E-01
  7299.8969        1.0020062        1.0377214      -0.25975182        1.0397981        177.89690      -0.35715200E-01
  7302.5698        1.0061912        1.0349210      -0.26128264        1.0369313        180.56980      -0.28729800E-01
  7305.3240        1.0118459        1.0320313      -0.26286009        1.0339836        183.32400      -0.20185400E-01
  7308.1031        1.0176879        1.0291120      -0.26445177        1.0310161        186.10310      -0.11424100E-01
  7310.9298        1.0233727        1.0261396      -0.26607072        1.0280045        188.92980      -0.27669000E-02
  7313.6451        1.0270807        1.0232822      -0.26762589        1.0251182        191.64510       0.37985000E-02
  7316.3398        1.0289684        1.0204449      -0.26916922        1.0222602        194.33980       0.85235000E-02
  7319.1731        1.0292163        1.0174606      -0.27079197        1.0192619        197.17310       0.11755700E-01
  7322.1113        1.0282723        1.0143655      -0.27247476        1.0161600        200.11130       0.13906800E-01
  7325.0177        1.0262630        1.0113041      -0.27413935        1.0130991        203.01770       0.14958900E-01
  7327.7096        1.0234467        1.0084695      -0.27568115        1.0102705        205.70960       0.14977200E-01
  7330.5978        1.0195606        1.0054299      -0.27733531        1.0072428        208.59780       0.14130700E-01
  7333.6712        1.0146257        1.0021980      -0.27909557        1.0040289        211.67120       0.12427700E-01
  7336.4156        1.0094656       0.99931523      -0.28066736        1.0011660        214.41560       0.10150370E-01
  7339.2995        1.0037065       0.99628961      -0.28231905       0.99816467        217.29950       0.74168900E-02
  7342.4034       0.99705389       0.99303821      -0.28409679       0.99494237        220.40340       0.40156800E-02
  7345.3151       0.99097685       0.98999375      -0.28576442       0.99192725        223.31510       0.98310000E-03
  7348.2866       0.98544173       0.98689311      -0.28746630       0.98885783        226.28660      -0.14513800E-02
  7351.3295       0.98071048       0.98372540      -0.28920908       0.98572258        229.32950      -0.30149200E-02
  7354.3750       0.97719849       0.98056332      -0.29095337       0.98259270        232.37500      -0.33648300E-02
  7357.4117       0.97406777       0.97741965      -0.29269256       0.97947998        235.41170      -0.33518800E-02
  7360.4970       0.97046026       0.97423581      -0.29445964       0.97632557        238.49700      -0.37755500E-02
  7363.5965       0.96636350       0.97104857      -0.29623485       0.97316497        241.59650      -0.46850700E-02
  7366.7103       0.96222490       0.96785875      -0.29801823       0.96999825        244.71030      -0.56338500E-02
  7369.8730       0.95827779       0.96463125      -0.29982964       0.96679041        247.87300      -0.63534600E-02
  7372.9923       0.95487866       0.96146028      -0.30161617       0.96363511        250.99230      -0.65816200E-02
  7376.1260       0.95285110       0.95828689      -0.30341091       0.96047386        254.12600      -0.54357900E-02
  7379.4708       0.95062008       0.95491296      -0.30532660       0.95710899        257.47080      -0.42928800E-02
  7382.5638       0.94927795       0.95180523      -0.30709807       0.95400610        260.56380      -0.25272800E-02
  7385.6710       0.94801126       0.94869483      -0.30887772       0.95089725        263.67100      -0.68357000E-03
  7389.1177       0.94779582       0.94525832      -0.31085176       0.94745865        267.11770       0.25375000E-02
  7392.2540       0.94684064       0.94214369      -0.31264800       0.94433873        270.25400       0.46969500E-02
  7395.5907       0.94532043       0.93884280      -0.31455908       0.94102874        273.59070       0.64776300E-02
  7398.9190       0.94316632       0.93556344      -0.31646529       0.93773685        276.91900       0.76028800E-02
  7402.0639       0.94014833       0.93247668      -0.31826649       0.93463514        280.06390       0.76716500E-02
  7405.5498       0.93564333       0.92906866      -0.32026301       0.93120715        283.54980       0.65746700E-02
  7408.7473       0.93086403       0.92595503      -0.32209431       0.92807213        286.74730       0.49090000E-02
  7412.2865       0.92480535       0.92252230      -0.32412134       0.92461239        290.28650       0.22830500E-02
  7415.6187       0.91896879       0.91930343      -0.32602980       0.92136500        293.61870      -0.33464000E-03
  7419.0125       0.91265522       0.91603792      -0.32797356       0.91806745        297.01250      -0.33827000E-02
  7422.4095       0.90751806       0.91278226      -0.32991918       0.91477681        300.40950      -0.52642000E-02
  7425.9271       0.90324828       0.90942463      -0.33193383       0.91137997        303.92710      -0.61763500E-02
  7429.3308       0.89957219       0.90618880      -0.33388321       0.90810343        307.33080      -0.66166100E-02
  7432.8317       0.89699559       0.90287375      -0.33588830       0.90474376        310.83170      -0.58781600E-02
  7436.3831       0.89824340       0.89952453      -0.33792231       0.90134653        314.38310      -0.12811300E-02
  7439.7731       0.89159965       0.89634017      -0.33986390       0.89811389        317.77310      -0.47405200E-02
  7443.4493       0.88850519       0.89290094      -0.34196938       0.89461969        321.44930      -0.43957500E-02
  7446.9286       0.88637570       0.88965908      -0.34396211       0.89132342        324.92860      -0.32833800E-02
  7450.5530       0.88420350       0.88629556      -0.34603796       0.88790086        328.55300      -0.20920600E-02
  7454.1930       0.88242614       0.88293146      -0.34812269       0.88447517        332.19300      -0.50532000E-03
  7457.6709       0.88077435       0.87972990      -0.35011462       0.88121272        335.67090       0.10444500E-02
  7461.4010       0.87910604       0.87631000      -0.35225098       0.87772542        339.40100       0.27960400E-02
  7464.9808       0.87727888       0.87304120      -0.35430125       0.87439001        342.98080       0.42376800E-02
  7468.7422       0.87478784       0.86962044      -0.35645556       0.87089738        346.74220       0.51674000E-02
  7472.3293       0.87206987       0.86637137      -0.35851002       0.86757808        350.32930       0.56985000E-02
  7476.0152       0.86870247       0.86304612      -0.36062104       0.86417906        354.01520       0.56563500E-02
  7479.6095       0.86531624       0.85981622      -0.36267966       0.86087580        357.60950       0.55000200E-02
  7483.6128       0.86097783       0.85623366      -0.36497246       0.85720999        361.61280       0.47441700E-02
  7487.2267       0.85599830       0.85301276      -0.36704226       0.85391270        365.22670       0.29855400E-02
  7491.0472       0.85092077       0.84962115      -0.36923044       0.85043917        369.04720       0.12996200E-02
  7494.8121       0.84579705       0.84629247      -0.37138669       0.84702874        372.81210      -0.49542000E-03
  7498.5090       0.84120159       0.84303668      -0.37350405       0.84369181        376.50900      -0.18350900E-02
  7502.5692       0.83695836       0.83947549      -0.37582948       0.84004067        380.56920      -0.25171300E-02
  7506.2501       0.83334431       0.83626001      -0.37793766       0.83674304        384.25010      -0.29157000E-02
  7510.1629       0.83024094       0.83285536      -0.38017866       0.83325056        388.16290      -0.26144200E-02
  7514.0679       0.82719979       0.82947112      -0.38241520       0.82977830        392.06790      -0.22713300E-02
  7517.8207       0.82412557       0.82623152      -0.38456455       0.82645391        395.82070      -0.21059500E-02
  7521.9388       0.82091666       0.82269072      -0.38692312       0.82282001        399.93880      -0.17740600E-02
  7525.8082       0.81767503       0.81937703      -0.38913931       0.81941892        403.80820      -0.17020000E-02
  7529.6456       0.81443478       0.81610346      -0.39133712       0.81605889        407.64560      -0.16686800E-02
  7533.6442       0.81121444       0.81270560      -0.39362725       0.81257136        411.64420      -0.14911600E-02
  7537.6835       0.80791344       0.80928670      -0.39594069       0.80906244        415.68350      -0.13732600E-02
  7541.5698       0.80507014       0.80600997      -0.39816652       0.80569981        419.56980      -0.93983000E-03
  7545.7513       0.80179132       0.80249809      -0.40056141       0.80209643        423.75130      -0.70677000E-03
  7549.7434       0.79719131       0.79915843      -0.40284781       0.79867050        427.74340      -0.19671200E-02
  7553.5818       0.79649304       0.79595921      -0.40504622       0.79538946        431.58180       0.53383000E-03
  7557.8501       0.79338765       0.79241525      -0.40749085       0.79175601        435.85010       0.97240000E-03
  7561.9286       0.79049100       0.78904213      -0.40982672       0.78829901        439.92860       0.14488700E-02
  7565.8652       0.78791632       0.78579831      -0.41208139       0.78497591        443.86520       0.21180100E-02
  7570.2090       0.78442432       0.78223255      -0.41456923       0.78132477        448.20900       0.21917700E-02
  7574.3257       0.78082115       0.77886612      -0.41692702       0.77787964        452.32570       0.19550300E-02
  7578.4593       0.77708513       0.77549837      -0.41929448       0.77443522        456.45930       0.15867600E-02
  7582.4629       0.77342945       0.77224834      -0.42158745       0.77111335        460.46290       0.11811100E-02
  7586.9000       0.76942229       0.76865962      -0.42412877       0.76744797        464.90000       0.76267000E-03
  7591.0724       0.76559302       0.76529761      -0.42651845       0.76401691        469.07240       0.29541000E-03
  7595.2004       0.76206300       0.76198320      -0.42888270       0.76063728        473.20040       0.79800000E-04
  7599.5177       0.75857783       0.75852922      -0.43135534       0.75711855        477.51770       0.48610000E-04
  7603.8154       0.75473164       0.75510326      -0.43381678       0.75363187        481.81540      -0.37162000E-03
  7608.1551       0.75102640       0.75165610      -0.43630231       0.75012737        486.15510      -0.62970000E-03
  7612.2900       0.74767593       0.74838297      -0.43867053       0.74680351        490.29000      -0.70704000E-03
  7616.5903       0.74405090       0.74499046      -0.44113347       0.74336247        494.59030      -0.93956000E-03
  7621.0319       0.74058790       0.74149869      -0.44367729       0.73982532        499.03190      -0.91079000E-03
  7625.4540       0.73722601       0.73803423      -0.44620999       0.73632069        503.45400      -0.80822000E-03
  7629.7573       0.73385699       0.73467414      -0.44867467       0.73292651        507.75730      -0.81715000E-03
  7634.1030       0.73050291       0.73129215      -0.45116357       0.72951531        512.10300      -0.78924000E-03
  7638.5657       0.72746300       0.72783047      -0.45371953       0.72602930        516.56570      -0.36747000E-03
  7643.1085       0.72352726       0.72431830      -0.45632138       0.72249849        521.10850      -0.79104000E-03
  7647.6819       0.72084728       0.72079416      -0.45894072       0.71896207        525.68190       0.53120000E-04
  7652.1861       0.71756152       0.71733457      -0.46152041       0.71549697        530.18610       0.22695000E-03
  7656.7082       0.71426100       0.71387208      -0.46411041       0.71203578        534.70820       0.38892000E-03
  7661.1733       0.71117742       0.71046379      -0.46666774       0.70863569        539.17330       0.71363000E-03
  7665.9195       0.70759944       0.70685217      -0.46938605       0.70504058        543.91950       0.74727000E-03
  7670.5338       0.70381014       0.70335186      -0.47202880       0.70156419        548.53380       0.45828000E-03
  7675.2543       0.70021824       0.69978203      -0.47473241       0.69802690        553.25430       0.43621000E-03
  7679.8676       0.69665624       0.69630407      -0.47737463       0.69458866        557.86760       0.35217000E-03
  7684.6000       0.69306768       0.69274737      -0.48008506       0.69108090        562.60000       0.32031000E-03
  7689.2502       0.68939640       0.68926334      -0.48274839       0.68765305        567.25020       0.13306000E-03
  7693.9694       0.68570744       0.68573862      -0.48545122       0.68419360        571.96940      -0.31180000E-04
  7698.8083       0.68213617       0.68213588      -0.48822266       0.68066646        576.80830       0.29000000E-06
  7703.6156       0.67846950       0.67856814      -0.49097595       0.67718257        581.61560      -0.98640000E-04
  7708.4798       0.67464653       0.67496972      -0.49376185       0.67367788        586.47980      -0.32319000E-03
  7713.2742       0.67104998       0.67143425      -0.49650777       0.67024362        591.27420      -0.38427000E-03
  7718.1637       0.66755233       0.66784017      -0.49930818       0.66676180        596.16370      -0.28784000E-03
  7722.9579       0.66408205       0.66432748      -0.50205397       0.66336809        600.95790      -0.24543000E-03
  7727.8347       0.66044004       0.66076567      -0.50484707       0.65993640        605.83470      -0.32563000E-03
  7732.5775       0.65695607       0.65731269      -0.50756345       0.65661882        610.57750      -0.35662000E-03
  7737.5818       0.65340505       0.65368104      -0.51042961       0.65313952        615.58180      -0.27599000E-03
  7742.5161       0.64994630       0.65011195      -0.51325566       0.64973024        620.51610      -0.16565000E-03
  7747.5722       0.64660500       0.64646681      -0.51615146       0.64625878        625.57220       0.13819000E-03
  7752.5197       0.64337565       0.64291171      -0.51898506       0.64288341        630.51970       0.46394000E-03
  7757.5764       0.63975819       0.63929005      -0.52188126       0.63945547        635.57640       0.46814000E-03
  7762.5372       0.63621214       0.63574889      -0.52472244       0.63611425        640.53720       0.46325000E-03
  7767.6332       0.63254284       0.63212314      -0.52764114       0.63270417        645.63320       0.41970000E-03
  7772.6331       0.62894814       0.62857766      -0.53050473       0.62938043        650.63310       0.37048000E-03
  7777.7041       0.62522191       0.62499356      -0.53340911       0.62603155        655.70410       0.22835000E-03
  7782.7174       0.62168299       0.62146204      -0.53628038       0.62274283        660.71740       0.22095000E-03
  7787.8021       0.61803105       0.61789205      -0.53919256       0.61942958        665.80210       0.13900000E-03
  7792.8288       0.61444701       0.61437445      -0.54207156       0.61617619        670.82880       0.72560000E-04
  7797.9272       0.61087522       0.61081854      -0.54499157       0.61289889        675.92720       0.56680000E-04
  7803.0195       0.60738239       0.60727873      -0.54790810       0.60964808        681.01950       0.10366000E-03
  7808.1707       0.60372821       0.60370993      -0.55085839       0.60638258        686.17070       0.18280000E-04
  7813.3029       0.60015494       0.60016625      -0.55379778       0.60315209        691.30290      -0.11310000E-04
  7818.4682       0.59631041       0.59661170      -0.55675613       0.59992391        696.46820      -0.30129000E-03
  7823.6536       0.59281970       0.59305534      -0.55972600       0.59670648        701.65360      -0.23564000E-03
  7828.8461       0.58935127       0.58950614      -0.56269995       0.59350808        706.84610      -0.15487000E-03
  7834.0982       0.58569031       0.58592843      -0.56570802       0.59029684        712.09820      -0.23812000E-03
  7839.3445       0.58211015       0.58236689      -0.56871274       0.58711312        717.34450      -0.25674000E-03
  7844.6637       0.57866931       0.57876819      -0.57175926       0.58390954        722.66370      -0.98880000E-04
  7849.9510       0.57495503       0.57520346      -0.57478745       0.58074964        727.95100      -0.24843000E-03
  7855.2851       0.57136306       0.57161948      -0.57784251       0.57758634        733.28510      -0.25642000E-03
  7860.6927       0.56780225       0.56799876      -0.58093965       0.57440471        738.69270      -0.19651000E-03
  7866.0156       0.56432983       0.56444720      -0.58398822       0.57129783        744.01560      -0.11737000E-03
  7871.4385       0.56090345       0.56084140      -0.58709413       0.56815785        749.43850       0.62050000E-04
  7876.7896       0.55726179       0.55729571      -0.59015891       0.56508452        754.78960      -0.33920000E-04
  7882.2412       0.55344788       0.55369604      -0.59328123       0.56197911        760.24120      -0.24816000E-03
  7887.5942       0.55009604       0.55017373      -0.59634710       0.55895498        765.59420      -0.77690000E-04
  7893.1012       0.54652588       0.54656277      -0.59950115       0.55586989        771.10120      -0.36890000E-04
  7898.4962       0.54290135       0.54303766      -0.60259104       0.55287314        776.49620      -0.13631000E-03
  7904.0189       0.53916292       0.53944169      -0.60575410       0.54983163        782.01890      -0.27877000E-03
  7909.3892       0.53583298       0.53595717      -0.60882986       0.54689951        787.38920      -0.12419000E-03
  7914.9679       0.53222891       0.53235013      -0.61202496       0.54388020        792.96790      -0.12122000E-03
  7920.3670       0.52888994       0.52887144      -0.61511721       0.54098384        798.36700       0.18500000E-04
  7925.9482       0.52528431       0.52528797      -0.61831379       0.53801641        803.94820      -0.36600000E-05
  7931.3762       0.52161227       0.52181510      -0.62142262       0.53515644        809.37620      -0.20283000E-03
  7936.9870       0.51824615       0.51823791      -0.62463610       0.53222712        814.98700       0.82400000E-05
  7942.4576       0.51476574       0.51476234      -0.62776934       0.52939732        820.45760       0.34000000E-05
  7948.1656       0.51125544       0.51114882      -0.63103851       0.52647248        826.16560       0.10662000E-03
  7953.7469       0.50842068       0.50762816      -0.63423509       0.52364001        831.74690       0.79252000E-03
  7959.5394       0.50409937       0.50398738      -0.63755266       0.52072896        837.53940       0.11199000E-03
  7965.1778       0.50064550       0.50045620      -0.64078200       0.51792337        843.17780       0.18930000E-03
  7970.9875       0.49705535       0.49683088      -0.64410943       0.51506148        848.98750       0.22447000E-03
  7976.6155       0.49325269       0.49333157      -0.64733279       0.51231709        854.61550      -0.78880000E-04
  7982.4016       0.49008791       0.48974685      -0.65064669       0.50952433        860.40160       0.34106000E-03
  7988.0872       0.48647120       0.48623705      -0.65390305       0.50680844        866.08720       0.23415000E-03
  7993.8222       0.48299046       0.48270940      -0.65718767       0.50409745        871.82220       0.28106000E-03
  7999.4836       0.47952640       0.47923942      -0.66043014       0.50144931        877.48360       0.28698000E-03
  8005.2492       0.47593433       0.47571813      -0.66373230       0.49878108        883.24920       0.21620000E-03
  8011.1743       0.47233161       0.47211252      -0.66712586       0.49606911        889.17430       0.21909000E-03
  8017.0398       0.46887057       0.46855629      -0.67048524       0.49341454        895.03980       0.31428000E-03
  8023.0106       0.46510950       0.46494949      -0.67390490       0.49074306        901.01060       0.16001000E-03
  8028.7975       0.46141359       0.46146645      -0.67721925       0.48818344        906.79750      -0.52860000E-04
  8034.6758       0.45779190       0.45794107      -0.68058600       0.48561317        912.67580      -0.14917000E-03
  8040.4110       0.45437074       0.45451387      -0.68387072       0.48313450        918.41100      -0.14313000E-03
  8046.4039       0.45079886       0.45094552      -0.68730306       0.48057498        924.40390      -0.14666000E-03
  8052.3644       0.44715324       0.44740943      -0.69071686       0.47806029        930.36440      -0.25619000E-03
  8058.3757       0.44352635       0.44385624      -0.69415975       0.47555545        936.37570      -0.32989000E-03
  8064.2849       0.43996143       0.44037604      -0.69754419       0.47312378        942.28490      -0.41461000E-03
  8070.2031       0.43657830       0.43690309      -0.70093377       0.47071885        948.20310      -0.32479000E-03
  8076.0885       0.43291200       0.43346180      -0.70430449       0.46835751        954.08850      -0.54980000E-03
  8082.0665       0.42947161       0.42997882      -0.70772833       0.46598980        960.06650      -0.50721000E-03
  8084.0938       0.42842774       0.42880049      -0.70888947       0.46519390        962.09380      -0.37275000E-03
