 #  IZ, Atomic weight , K, L1, L2, L3, M,  Ka1, Kb1, La1, Lb1
  1   1.008   0.014  0.000  0.000  0.000 0.000   0.000   0.000  0.000  0.000
  2   4.003   0.025  0.000  0.000  0.000 0.000   0.000   0.000  0.000  0.000
  3   6.940   0.055  0.000  0.000  0.000 0.000   0.000   0.000  0.000  0.000
  4   9.012   0.112  0.000  0.000  0.000 0.000   0.000   0.000  0.000  0.000
  5  10.811   0.188  0.000  0.000  0.000 0.000   0.000   0.000  0.000  0.000
  6  12.010   0.284  0.000  0.000  0.000 0.000   0.000   0.000  0.000  0.000
  7  14.008   0.402  0.000  0.000  0.000 0.000   0.000   0.000  0.000  0.000
  8  16.000   0.537  0.000  0.000  0.000 0.000   0.000   0.000  0.000  0.000
  9  19.000   0.686  0.000  0.000  0.000 0.000   0.000   0.000  0.000  0.000
 10  20.183   0.867  0.000  0.000  0.000 0.000   0.000   0.000  0.000  0.000
 11  22.997   1.072  0.000  0.000  0.000 0.000   1.041   1.067  0.000  0.000
 12  24.320   1.305  0.063  0.050  0.049 0.000   1.254   1.297  0.000  0.000
 13  26.970   1.560  0.087  0.073  0.072 0.000   1.487   1.553  0.000  0.000
 14  28.086   1.839  0.118  0.100  0.099 0.000   1.740   1.832  0.000  0.000
 15  30.975   2.149  0.153  0.136  0.135 0.000   2.015   2.136  0.000  0.000
 16  32.066   2.472  0.193  0.164  0.162 0.017   2.308   2.464  0.000  0.000
 17  35.457   2.822  0.238  0.202  0.200 0.017   2.622   2.815  0.000  0.000
 18  39.944   3.202  0.287  0.251  0.248 0.027   2.957   3.192  0.000  0.000
 19  39.102   3.607  0.341  0.297  0.295 0.034   3.313   3.589  0.000  0.000
 20  40.080   4.038  0.400  0.350  0.346 0.044   3.691   4.012  0.000  0.000
 21  44.960   4.493  0.463  0.404  0.399 0.054   4.090   4.460  0.000  0.000
 22  47.900   4.965  0.531  0.461  0.454 0.059   4.510   4.931  0.000  0.000
 23  50.942   5.465  0.604  0.520  0.512 0.067   4.952   5.427  0.000  0.000
 24  51.996   5.989  0.682  0.584  0.574 0.074   5.414   5.946  0.000  0.000
 25  54.940   6.540  0.754  0.650  0.639 0.084   5.898   6.490  0.000  0.000
 26  55.850   7.112  0.842  0.720  0.707 0.094   6.403   7.057  0.000  0.000
 27  58.933   7.709  0.929  0.793  0.778 0.101   6.930   7.649  0.000  0.000
 28  58.690   8.333  1.012  0.872  0.855 0.113   7.477   8.264  0.000  0.000
 29  63.540   8.979  1.100  0.952  0.932 0.120   8.047   8.904  0.000  0.000
 30  65.380   9.659  1.196  1.044  1.021 0.139   8.638   9.571  1.009  1.032
 31  69.720  10.367  1.302  1.142  1.115 0.158   9.251  10.263  1.096  1.122
 32  72.590  11.104  1.414  1.249  1.218 0.181   9.885  10.981  1.186  1.216
 33  74.920  11.868  1.530  1.360  1.325 0.206  10.543  11.725  1.282  1.317
 34  78.960  12.658  1.653  1.477  1.436 0.232  11.221  12.495  1.419  1.379
 35  79.920  13.474  1.782  1.596  1.550 0.257  11.923  13.290  1.480  1.526
 36  83.800  14.322  1.920  1.726  1.675 0.288  12.648  14.112  1.587  1.638
 37  85.480  15.200  2.065  1.863  1.805 0.322  13.394  14.960  1.694  1.752
 38  87.620  16.105  2.216  2.007  1.940 0.358  14.164  15.834  1.806  1.872
 39  88.905  17.080  2.373  2.156  2.080 0.395  14.957  16.736  1.922  1.996
 40  91.220  17.998  2.532  2.307  2.223 0.431  15.774  17.666  2.042  2.124
 41  92.906  18.986  2.698  2.465  2.371 0.468  16.614  18.621  2.166  2.257
 42  95.950  19.999  2.866  2.625  2.520 0.505  17.478  19.607  2.293  2.395
 43  99.000  21.045  3.043  2.793  2.677 0.544  18.410  20.585  2.424  2.538
 44 101.070  22.117  3.224  2.967  2.838 0.585  19.278  21.655  2.558  2.683
 45 102.910  23.220  3.412  3.146  3.003 0.627  20.214  22.721  2.696  2.834
 46 106.400  24.350  3.605  3.330  3.173 0.670  21.175  23.816  2.838  2.990
 47 107.880  25.514  3.806  3.524  3.351 0.717  22.162  24.942  2.984  3.151
 48 112.410  26.711  4.018  3.727  3.537 0.770  23.172  26.093  3.133  3.316
 49 114.820  27.940  4.238  3.938  3.730 0.825  24.207  27.274  3.287  3.487
 50 118.690  29.200  4.465  4.156  3.929 0.884  25.270  28.483  3.444  3.662
 51 121.760  30.491  4.698  4.381  4.132 0.944  26.357  29.723  3.605  3.843
 52 127.600  31.813  4.939  4.612  4.341 1.006  27.471  30.993  3.769  4.029
 53 126.910  33.169  5.188  4.852  4.557 1.072  28.610  32.292  3.937  4.220
 54 131.300  34.582  5.452  5.100  4.781 1.143  29.802  33.644  4.111  4.422
 55 132.910  35.985  5.713  5.359  5.012 1.218  30.970  34.984  4.286  4.620
 56 137.360  37.441  5.987  5.624  5.247 1.293  32.191  36.376  4.467  4.828
 57 138.920  38.925  6.267  5.891  5.483 1.363  33.440  37.799  4.651  5.043
 58 140.130  40.444  6.549  6.165  5.724 1.434  34.717  39.255  4.840  5.262
 59 140.920  41.991  6.835  6.441  5.965 1.508  36.023  40.746  5.034  5.489
 60 144.270  43.569  7.126  6.722  6.208 1.575  37.359  42.269  5.431  5.956
 61 147.000  45.184  7.428  7.013  6.460 1.651  38.649  43.945  5.636  6.206
 62 150.350  46.835  7.737  7.312  6.717 1.729  40.124  45.400  5.846  6.456
 63 152.000  48.520  8.052  7.618  6.977 1.800  41.529  47.027  6.059  6.714
 64 157.260  50.240  8.376  7.931  7.243 1.882  42.983  48.718  6.275  6.979
 65 158.930  51.996  8.708  8.252  7.515 1.967  44.470  50.391  6.495  7.249
 66 162.510  53.789  9.047  8.581  7.790 2.046  45.985  52.178  6.720  7.528
 67 164.940  55.618  9.395  8.919  8.071 2.127  47.528  53.934  6.948  7.810
 68 167.270  57.486  9.752  9.265  8.358 2.212  49.099  55.690  7.181  8.103
 69 168.940  59.390 10.116  9.618  8.648 2.307  50.730  57.576  7.181  8.103
 70 173.040  61.332 10.488  9.978  8.943 2.398  52.360  59.352  7.414  8.401
 71 174.990  63.314 10.870 10.349  9.244 2.492  54.063  61.282  7.654  8.708
 72 178.500  65.351 11.272 10.739  9.561 2.602  55.757  63.209  7.898  9.021
 73 180.950  67.414 11.680 11.136  9.881 2.703  57.524  65.210  8.145  9.341
 74 183.920  69.524 12.098 11.542 10.204 2.818  59.310  67.233  8.396  9.670
 75 186.200  71.676 12.525 11.957 10.534 2.931  61.131  69.298  8.651 10.008
 76 190.200  73.872 12.964 12.384 10.871 3.050  62.991  71.404  8.910 10.354
 77 192.200  76.112 13.424 12.824 11.215 3.172  64.886  73.549  9.173 10.706
 78 195.090  78.395 13.892 13.273 11.564 3.297  66.820  75.736  9.441 11.069
 79 197.200  80.723 14.353 13.733 11.918 3.425  68.779  77.968  9.711 11.439
 80 200.610  83.103 14.846 14.209 12.284 3.562  70.821  80.258  9.987 11.823
 81 204.390  85.528 15.344 14.698 12.657 3.700  72.860  82.558 10.266 12.210
 82 207.210  88.006 15.860 15.198 13.035 3.850  74.957  84.922 10.549 12.611
 83 209.000  90.527 16.385 15.708 13.418 3.999  77.097  87.335 10.836 13.021
 86 222.000  98.417 18.055 17.334 14.612 4.478  83.800  94.877 11.724 14.316
 90 232.000 109.649 20.470 19.692 16.300 5.182  93.334 105.592 12.966 16.200
 92 238.070 115.603 21.756 20.947 17.167 5.549  98.428 111.289 13.613 17.218
 94 239.100 121.760 23.095 22.263 18.053 5.914 103.653 117.146 14.279 18.278
