# data from ifeffit
# kmin =    2.5000000     
# kmax =    13.000000     
# dk1 =    1.5000000     
# dk2 =    1.5000000     
# kweight =    2.0000000     
# rmin =   0.90000000     
# rmax =    2.0000000     
# dr1 =   0.20000000     
# dr2 =   0.20000000     
#------------------------
#   r         chir_mag      chir_re      rwin
  0.0000000       0.61883847E-01  -0.61883847E-01    0.0000000
  0.30679616E-01   0.62284202E-01  -0.61993500E-01    0.0000000
  0.61359232E-01   0.63325542E-01  -0.62064221E-01    0.0000000
  0.92038847E-01   0.64625368E-01  -0.61496939E-01    0.0000000
  0.12271846       0.65797224E-01  -0.59760899E-01    0.0000000
  0.15339808       0.66657778E-01  -0.56759898E-01    0.0000000
  0.18407769       0.67333663E-01  -0.52901956E-01    0.0000000
  0.21475731       0.68232670E-01  -0.48810381E-01    0.0000000
  0.24543693       0.69873043E-01  -0.44852275E-01    0.0000000
  0.27611654       0.72622337E-01  -0.40790629E-01    0.0000000
  0.30679616       0.76488220E-01  -0.35800568E-01    0.0000000
  0.33747577       0.81106084E-01  -0.28865897E-01    0.0000000
  0.36815539       0.85921286E-01  -0.19329051E-01    0.0000000
  0.39883500       0.90433911E-01  -0.72615406E-02    0.0000000
  0.42951462       0.94386866E-01   0.65750810E-02    0.0000000
  0.46019424       0.97848166E-01   0.21155618E-01    0.0000000
  0.49087385       0.10117521       0.35738595E-01    0.0000000
  0.52155347       0.10486460       0.50187843E-01    0.0000000
  0.55223308       0.10932815       0.64861433E-01    0.0000000
  0.58291270       0.11469359       0.80138511E-01    0.0000000
  0.61359232       0.12074402       0.95896366E-01    0.0000000
  0.64427193       0.12703555       0.11129915        0.0000000
  0.67495155       0.13313082       0.12507551        0.0000000
  0.70563116       0.13884665       0.13615041        0.0000000
  0.73631078       0.14443361       0.14424720        0.0000000
  0.76699039       0.15062615       0.15005103        0.0000000
  0.79767001       0.15851043       0.15475176        0.0000000
  0.82834963       0.16920315       0.15914130       0.48762254E-01
  0.85902924       0.18345505       0.16271789       0.19997278
  0.88970886       0.20139564       0.16328375       0.41952362
  0.92038847       0.22256081       0.15728608       0.65740540
  0.95106809       0.24614014       0.14077807       0.85943332
  0.98174770       0.27127340       0.11057690       0.97958938
  1.0124273       0.29727279       0.65136056E-01    1.0000000
  1.0431069       0.32373116       0.48483517E-02    1.0000000
  1.0737866       0.35052342      -0.68175720E-01    1.0000000
  1.1044662       0.37772646      -0.15055549        1.0000000
  1.1351458       0.40549353      -0.23797812        1.0000000
  1.1658254       0.43392781      -0.32527624        1.0000000
  1.1965050       0.46299793      -0.40636177        1.0000000
  1.2271846       0.49252149      -0.47429773        1.0000000
  1.2578642       0.52221517      -0.52174169        1.0000000
  1.2885439       0.55178373      -0.54176734        1.0000000
  1.3192235       0.58100596      -0.52882407        1.0000000
  1.3499031       0.60977721      -0.47950417        1.0000000
  1.3805827       0.63808253      -0.39292616        1.0000000
  1.4112623       0.66589813      -0.27082131        1.0000000
  1.4419419       0.69304532      -0.11762822        1.0000000
  1.4726216       0.71904150       0.59127967E-01    1.0000000
  1.5033012       0.74299887       0.24820560        1.0000000
  1.5339808       0.76360791       0.43423150        1.0000000
  1.5646604       0.77921642       0.59824088        1.0000000
  1.5953400       0.78798680       0.71978546        1.0000000
  1.6260196       0.78809770       0.78065355        1.0000000
  1.6566993       0.77795253       0.76944110        1.0000000
  1.6873789       0.75636477       0.68555343        1.0000000
  1.7180585       0.72270189       0.54106436        1.0000000
  1.7487381       0.67698304       0.35936537        1.0000000
  1.7794177       0.61993881       0.17055615        1.0000000
  1.8100973       0.55305825       0.46682895E-02    1.0000000
  1.8407769       0.47867730      -0.11537704        1.0000000
  1.8714566       0.40022830      -0.17901628        1.0000000
  1.9021362       0.32293028      -0.18997309       0.99971843
  1.9328158       0.25547995      -0.16437030       0.93502936
  1.9634954       0.21250656      -0.12566405       0.77124913
  1.9941750       0.20978925      -0.97932835E-01   0.54568367
  2.0248546       0.24505138      -0.99457713E-01   0.30971236
  2.0555343       0.30004812      -0.13836893       0.11708485
  2.0862139       0.36030203      -0.21147785       0.11677899E-01
  2.1168935       0.41850659      -0.30643706        0.0000000
  2.1475731       0.47163099      -0.40632568        0.0000000
  2.1782527       0.51919905      -0.49494072        0.0000000
  2.2089323       0.56258560      -0.56079151        0.0000000
  2.2396120       0.60460037      -0.59824432        0.0000000
  2.2702916       0.64894752      -0.60542268        0.0000000
  2.3009712       0.69939216      -0.57998993        0.0000000
  2.3316508       0.75873577      -0.51520880        0.0000000
  2.3623304       0.82794678      -0.39901386        0.0000000
  2.3930100       0.90579686      -0.21785251        0.0000000
  2.4236896       0.98907845       0.35086228E-01    0.0000000
  2.4543693        1.0731948       0.35012916        0.0000000
  2.4850489        1.1528504       0.69441827        0.0000000
  2.5157285        1.2226732        1.0126525        0.0000000
  2.5464081        1.2777155        1.2373579        0.0000000
  2.5770877        1.3138356        1.3069732        0.0000000
  2.6077673        1.3279744        1.1862719        0.0000000
  2.6384470        1.3183357       0.88164769        0.0000000
  2.6691266        1.2844744       0.44473310        0.0000000
  2.6998062        1.2272937      -0.38369947E-01    0.0000000
  2.7304858        1.1489544      -0.46965114        0.0000000
  2.7611654        1.0527065      -0.76629640        0.0000000
  2.7918450       0.94265403      -0.88310968        0.0000000
  2.8225246       0.82347309      -0.82265007        0.0000000
  2.8532043       0.70010413      -0.63009550        0.0000000
  2.8838839       0.57744535      -0.37552730        0.0000000
  2.9145635       0.46007713      -0.13072251        0.0000000
  2.9452431       0.35205781       0.51102620E-01    0.0000000
  2.9759227       0.25686101       0.14619659        0.0000000
  3.0066023       0.17761913       0.15973956        0.0000000
  3.0372820       0.11807544       0.11635987        0.0000000
  3.0679616       0.84167041E-01   0.47069543E-01    0.0000000
  3.0986412       0.78913902E-01  -0.21803532E-01    0.0000000
  3.1293208       0.90326983E-01  -0.74247283E-01    0.0000000
  3.1600004       0.10503754      -0.10445697        0.0000000
  3.1906800       0.11825155      -0.11320796        0.0000000
  3.2213597       0.12918979      -0.10378669        0.0000000
  3.2520393       0.13793987      -0.79678198E-01    0.0000000
  3.2827189       0.14446731      -0.44421247E-01    0.0000000
  3.3133985       0.14851598      -0.25068525E-02    0.0000000
  3.3440781       0.14984118       0.40256725E-01    0.0000000
  3.3747577       0.14850784       0.77772629E-01    0.0000000
  3.4054373       0.14512348       0.10567010        0.0000000
  3.4361170       0.14093649       0.12297061        0.0000000
  3.4667966       0.13771631       0.13209865        0.0000000
  3.4974762       0.13730415       0.13689774        0.0000000
  3.5281558       0.14087429       0.13961143        0.0000000
  3.5588354       0.14833703       0.13859959        0.0000000
  3.5895150       0.15838901       0.12834650        0.0000000
  3.6201947       0.16910702       0.10214054        0.0000000
  3.6508743       0.17855752       0.56295682E-01    0.0000000
  3.6815539       0.18514231      -0.62182792E-02    0.0000000
  3.7122335       0.18772038      -0.74788192E-01    0.0000000
  3.7429131       0.18561717      -0.13369644        0.0000000
  3.7735927       0.17859052      -0.16739397        0.0000000
  3.8042724       0.16678492      -0.16636995        0.0000000
  3.8349520       0.15069219      -0.13112808        0.0000000
  3.8656316       0.13114206      -0.72569776E-01    0.0000000
  3.8963112       0.10937678      -0.86088431E-02    0.0000000
  3.9269908       0.87356091E-01   0.41632765E-01    0.0000000
  3.9576704       0.68632914E-01   0.63845603E-01    0.0000000
  3.9883500       0.59581269E-01   0.52683306E-01    0.0000000
  4.0190297       0.65776144E-01   0.12865852E-01    0.0000000
  4.0497093       0.84019483E-01  -0.42738481E-01    0.0000000
  4.0803889       0.10787771      -0.97065438E-01    0.0000000
  4.1110685       0.13361747      -0.13345037        0.0000000
  4.1417481       0.15946924      -0.13962470        0.0000000
  4.1724277       0.18450303      -0.11033177        0.0000000
  4.2031074       0.20813706      -0.48265527E-01    0.0000000
  4.2337870       0.22994084       0.36623801E-01    0.0000000
  4.2644666       0.24955871       0.12921710        0.0000000
  4.2951462       0.26669061       0.21231520        0.0000000
  4.3258258       0.28110461       0.27015835        0.0000000
  4.3565054       0.29266564       0.29163573        0.0000000
  4.3871851       0.30136787       0.27241284        0.0000000
  4.4178647       0.30735881       0.21542995        0.0000000
  4.4485443       0.31094447       0.12970128        0.0000000
  4.4792239       0.31256726       0.27905217E-01    0.0000000
  4.5099035       0.31275304      -0.76356829E-01    0.0000000
  4.5405831       0.31203124      -0.17074631        0.0000000
  4.5712627       0.31084145      -0.24532047        0.0000000
  4.6019424       0.30944902      -0.29270677        0.0000000
  4.6326220       0.30789470      -0.30789324        0.0000000
  4.6633016       0.30599578      -0.28831194        0.0000000
  4.6939812       0.30339944      -0.23455792        0.0000000
  4.7246608       0.29967202      -0.15149967        0.0000000
  4.7553404       0.29439880      -0.49037224E-01    0.0000000
  4.7860201       0.28727031       0.58341676E-01    0.0000000
  4.8166997       0.27814020       0.15366455        0.0000000
  4.8473793       0.26704904       0.22096433        0.0000000
  4.8780589       0.25421602       0.24916875        0.0000000
  4.9087385       0.24000495       0.23505895        0.0000000
  4.9394181       0.22487297       0.18418432        0.0000000
  4.9700978       0.20931228       0.10932118        0.0000000
  5.0007774       0.19379552       0.26945430E-01    0.0000000
  5.0314570       0.17873678      -0.47116715E-01    0.0000000
  5.0621366       0.16447921      -0.10146166        0.0000000
  5.0928162       0.15131816      -0.13119220        0.0000000
  5.1234958       0.13956189      -0.13784895        0.0000000
  5.1541754       0.12961958      -0.12746644        0.0000000
  5.1848551       0.12208413      -0.10759611        0.0000000
  5.2155347       0.11774355      -0.84371947E-01    0.0000000
  5.2462143       0.11743608      -0.60576680E-01    0.0000000
  5.2768939       0.12174012      -0.35281417E-01    0.0000000
  5.3075735       0.13067610      -0.51117497E-02    0.0000000
  5.3382531       0.14365470       0.33327771E-01    0.0000000
  5.3689328       0.15967056       0.80738443E-01    0.0000000
  5.3996124       0.17754130       0.13315831        0.0000000
  5.4302920       0.19606050       0.18163244        0.0000000
  5.4609716       0.21406790       0.21394222        0.0000000
  5.4916512       0.23048199       0.21810125        0.0000000
  5.5223308       0.24432571       0.18659279        0.0000000
  5.5530105       0.25475609       0.11985797        0.0000000
  5.5836901       0.26109768       0.27596352E-01    0.0000000
  5.6143697       0.26287572      -0.72916577E-01    0.0000000
  5.6450493       0.25984430      -0.16123125        0.0000000
  5.6757289       0.25200550      -0.21950188        0.0000000
  5.7064085       0.23961717      -0.23765715        0.0000000
  5.7370881       0.22318861      -0.21609805        0.0000000
  5.7677678       0.20346610      -0.16494002        0.0000000
  5.7984474       0.18141227      -0.10012920        0.0000000
  5.8291270       0.15818645      -0.37959027E-01    0.0000000
  5.8598066       0.13513413       0.99192458E-02    0.0000000
  5.8904862       0.11378688       0.39204278E-01    0.0000000
  5.9211658       0.95833872E-01   0.52611108E-01    0.0000000
  5.9518455       0.82909291E-01   0.57019567E-01    0.0000000
  5.9825251       0.75950107E-01   0.59592660E-01    0.0000000
  6.0132047       0.74382760E-01   0.64597640E-01    0.0000000
  6.0438843       0.76245700E-01   0.72134710E-01    0.0000000
  6.0745639       0.79341335E-01   0.78983994E-01    0.0000000
  6.1052435       0.82097918E-01   0.80818966E-01    0.0000000
  6.1359232       0.83700253E-01   0.74543252E-01    0.0000000
  6.1666028       0.83911609E-01   0.59660856E-01    0.0000000
  6.1972824       0.82877874E-01   0.38232715E-01    0.0000000
  6.2279620       0.80974402E-01   0.13728464E-01    0.0000000
  6.2586416       0.78681442E-01  -0.10437420E-01    0.0000000
  6.2893212       0.76469866E-01  -0.31894739E-01    0.0000000
  6.3200008       0.74694835E-01  -0.49452238E-01    0.0000000
  6.3506805       0.73516031E-01  -0.62545867E-01    0.0000000
  6.3813601       0.72873057E-01  -0.70538401E-01    0.0000000
  6.4120397       0.72527675E-01  -0.72417008E-01    0.0000000
  6.4427193       0.72151066E-01  -0.67118785E-01    0.0000000
  6.4733989       0.71416379E-01  -0.54285978E-01    0.0000000
  6.5040785       0.70067130E-01  -0.34969420E-01    0.0000000
  6.5347582       0.67953065E-01  -0.11814081E-01    0.0000000
  6.5654378       0.65038659E-01   0.11453207E-01    0.0000000
  6.5961174       0.61392686E-01   0.31035187E-01    0.0000000
  6.6267970       0.57165635E-01   0.44121961E-01    0.0000000
  6.6574766       0.52559597E-01   0.49542903E-01    0.0000000
  6.6881562       0.47794166E-01   0.47793762E-01    0.0000000
  6.7188359       0.43072273E-01   0.40537178E-01    0.0000000
  6.7495155       0.38551247E-01   0.29896133E-01    0.0000000
  6.7801951       0.34325760E-01   0.17879523E-01    0.0000000
  6.8108747       0.30428612E-01   0.61178708E-02    0.0000000
  6.8415543       0.26850800E-01  -0.41328821E-02    0.0000000
  6.8722339       0.23574996E-01  -0.11901165E-01    0.0000000
  6.9029135       0.20610728E-01  -0.16492232E-01    0.0000000
  6.9335932       0.18018884E-01  -0.17601504E-01    0.0000000
  6.9642728       0.15915636E-01  -0.15445257E-01    0.0000000
  6.9949524       0.14447528E-01  -0.10758220E-01    0.0000000
  7.0256320       0.13736563E-01  -0.45886521E-02    0.0000000
  7.0563116       0.13824863E-01   0.20286139E-02    0.0000000
  7.0869912       0.14675045E-01   0.83324955E-02    0.0000000
  7.1176709       0.16226864E-01   0.13860145E-01    0.0000000
  7.1483505       0.18436972E-01   0.18215072E-01    0.0000000
  7.1790301       0.21264165E-01   0.20746985E-01    0.0000000
  7.2097097       0.24631663E-01   0.20413668E-01    0.0000000
  7.2403893       0.28405073E-01   0.16028156E-01    0.0000000
  7.2710689       0.32396223E-01   0.68761844E-02    0.0000000
  7.3017486       0.36384034E-01  -0.65641138E-02    0.0000000
  7.3324282       0.40141344E-01  -0.22205089E-01    0.0000000
  7.3631078       0.43460760E-01  -0.36563135E-01    0.0000000
  7.3937874       0.46176057E-01  -0.45658863E-01    0.0000000
  7.4244670       0.48177315E-01  -0.46321953E-01    0.0000000
  7.4551466       0.49418829E-01  -0.37389402E-01    0.0000000
  7.4858262       0.49919394E-01  -0.20289075E-01    0.0000000
  7.5165059       0.49755238E-01   0.12574990E-02    0.0000000
  7.5471855       0.49046570E-01   0.22313761E-01    0.0000000
  7.5778651       0.47939487E-01   0.38174996E-01    0.0000000
  7.6085447       0.46585689E-01   0.45650625E-01    0.0000000
  7.6392243       0.45122985E-01   0.43763210E-01    0.0000000
  7.6699039       0.43659610E-01   0.33717439E-01    0.0000000
  7.7005836       0.42264685E-01   0.18280066E-01    0.0000000
  7.7312632       0.40965679E-01   0.88593524E-03    0.0000000
  7.7619428       0.39752051E-01  -0.15206810E-01    0.0000000
  7.7926224       0.38583230E-01  -0.27508959E-01    0.0000000
  7.8233020       0.37399293E-01  -0.34591075E-01    0.0000000
  7.8539816       0.36133701E-01  -0.36127789E-01    0.0000000
  7.8846612       0.34728366E-01  -0.32771724E-01    0.0000000
  7.9153409       0.33151468E-01  -0.25901750E-01    0.0000000
  7.9460205       0.31417644E-01  -0.17263764E-01    0.0000000
  7.9767001       0.29608544E-01  -0.85396991E-02    0.0000000
  8.0073797       0.27888295E-01  -0.93407782E-03    0.0000000
  8.0380593       0.26501271E-01   0.50904952E-02    0.0000000
  8.0687389       0.25730684E-01   0.98165399E-02    0.0000000
  8.0994186       0.25804784E-01   0.13993559E-01    0.0000000
  8.1300982       0.26789056E-01   0.18383936E-01    0.0000000
  8.1607778       0.28552132E-01   0.23326461E-01    0.0000000
  8.1914574       0.30836970E-01   0.28506071E-01    0.0000000
  8.2221370       0.33367724E-01   0.33017052E-01    0.0000000
  8.2528166       0.35921682E-01   0.35664352E-01    0.0000000
  8.2834963       0.38353979E-01   0.35345203E-01    0.0000000
  8.3141759       0.40590778E-01   0.31347605E-01    0.0000000
  8.3448555       0.42605320E-01   0.23488622E-01    0.0000000
  8.3755351       0.44386220E-01   0.12130003E-01    0.0000000
  8.4062147       0.45906399E-01  -0.18308274E-02    0.0000000
  8.4368943       0.47101100E-01  -0.16934195E-01    0.0000000
  8.4675739       0.47861307E-01  -0.31145517E-01    0.0000000
  8.4982536       0.48043978E-01  -0.42002201E-01    0.0000000
  8.5289332       0.47495291E-01  -0.47058083E-01    0.0000000
  8.5596128       0.46080207E-01  -0.44620883E-01    0.0000000
  8.5902924       0.43711866E-01  -0.34561360E-01    0.0000000
  8.6209720       0.40376579E-01  -0.18810618E-01    0.0000000
  8.6516516       0.36153269E-01  -0.11795466E-02    0.0000000
  8.6823313       0.31230034E-01   0.13627448E-01    0.0000000
  8.7130109       0.25926390E-01   0.21557796E-01    0.0000000
  8.7436905       0.20740039E-01   0.20738372E-01    0.0000000
  8.7743701       0.16436519E-01   0.12310270E-01    0.0000000
  8.8050497       0.14040610E-01   0.11878546E-03    0.0000000
  8.8357293       0.14119053E-01  -0.10718940E-01    0.0000000
  8.8664090       0.15864813E-01  -0.15830285E-01    0.0000000
  8.8970886       0.17949625E-01  -0.13343582E-01    0.0000000
  8.9277682       0.19490643E-01  -0.46113735E-02    0.0000000
  8.9584478       0.20054583E-01   0.64369422E-02    0.0000000
  8.9891274       0.19487139E-01   0.15041535E-01    0.0000000
  9.0198070       0.17826947E-01   0.17688504E-01    0.0000000
  9.0504866       0.15288462E-01   0.13598379E-01    0.0000000
  9.0811663       0.12321516E-01   0.49819586E-02    0.0000000
  9.1118459       0.98228641E-02  -0.40164168E-02    0.0000000
  9.1425255       0.92778689E-02  -0.91791806E-02    0.0000000
  9.1732051       0.11334630E-01  -0.80323175E-02    0.0000000
  9.2038847       0.14819671E-01  -0.83166368E-03    0.0000000
  9.2345643       0.18575194E-01   0.96559554E-02    0.0000000
  9.2652440       0.21991574E-01   0.19397379E-01    0.0000000
  9.2959236       0.24752931E-01   0.24752855E-01    0.0000000
  9.3266032       0.26698728E-01   0.23819851E-01    0.0000000
  9.3572828       0.27772224E-01   0.16947206E-01    0.0000000
  9.3879624       0.27996152E-01   0.63256247E-02    0.0000000
  9.4186420       0.27454618E-01  -0.50344473E-02    0.0000000
  9.4493217       0.26274591E-01  -0.14421571E-01    0.0000000
  9.4800013       0.24605258E-01  -0.20183587E-01    0.0000000
  9.5106809       0.22595759E-01  -0.21928780E-01    0.0000000
  9.5413605       0.20373522E-01  -0.20258086E-01    0.0000000
  9.5720401       0.18027212E-01  -0.16295177E-01    0.0000000
  9.6027197       0.15599589E-01  -0.11277960E-01    0.0000000
  9.6333993       0.13095405E-01  -0.63339614E-02    0.0000000
  9.6640790       0.10508594E-01  -0.23956051E-02    0.0000000
  9.6947586       0.78806760E-02  -0.12877408E-03    0.0000000
  9.7254382       0.54614384E-02   0.20921076E-03    0.0000000
  9.7561178       0.42249319E-02  -0.10568250E-02    0.0000000
  9.7867974       0.54910246E-02  -0.29589172E-02    0.0000000
  9.8174770       0.82970587E-02  -0.40832989E-02    0.0000000
  9.8481567       0.11520190E-01  -0.30519547E-02    0.0000000
  9.8788363       0.14712422E-01   0.86341160E-03    0.0000000
  9.9095159       0.17629938E-01   0.72737757E-02    0.0000000
  9.9401955       0.20095464E-01   0.14617905E-01    0.0000000
  9.9708751       0.21973245E-01   0.20621189E-01    0.0000000
