# data from ifeffit
#------------------------
#   energy      norm
  5759.989        0.8457093E-02
  5769.980        0.6622463E-02
  5780.007        0.5794085E-02
  5790.003        0.3900004E-02
  5799.965        0.2724325E-02
  5810.034        0.1519617E-02
  5820.000        0.9593365E-03
  5830.002        0.1872062E-03
  5839.971       -0.5257261E-03
  5849.975       -0.1096478E-02
  5860.016       -0.1666440E-02
  5870.022       -0.1880806E-02
  5879.993       -0.1444084E-02
  5890.000       -0.1612976E-02
  5899.971       -0.1202031E-02
  5909.978       -0.1108864E-02
  5920.021       -0.5563008E-03
  5930.026        0.4298017E-04
  5939.995        0.1747566E-02
  5949.999        0.3912676E-02
  5959.965        0.5102834E-02
  5969.967        0.7953491E-02
  5970.487        0.8243023E-02
  5971.006        0.8674394E-02
  5971.526        0.8622619E-02
  5971.972        0.8993311E-02
  5972.492        0.8724729E-02
  5973.012        0.8976101E-02
  5973.532        0.9349609E-02
  5973.978        0.9316744E-02
  5974.498        0.9586801E-02
  5975.019        0.1014424E-01
  5975.464        0.1017464E-01
  5975.985        0.1066747E-01
  5976.506        0.1086672E-01
  5977.026        0.1123347E-01
  5977.473        0.1137959E-01
  5977.994        0.1151907E-01
  5978.515        0.1197576E-01
  5979.037        0.1242885E-01
  5979.483        0.1300036E-01
  5980.005        0.1281046E-01
  5980.526        0.1333863E-01
  5980.973        0.1373442E-01
  5981.495        0.1429952E-01
  5982.016        0.1488623E-01
  5982.463        0.1506296E-01
  5982.986        0.1528461E-01
  5983.507        0.1560419E-01
  5984.030        0.1659141E-01
  5984.477        0.1703932E-01
  5984.999        0.1740495E-01
  5985.521        0.1808700E-01
  5985.970        0.1872638E-01
  5986.492        0.1948059E-01
  5987.015        0.2040837E-01
  5987.463        0.2190216E-01
  5987.986        0.2317969E-01
  5988.509        0.2469452E-01
  5989.032        0.2689726E-01
  5989.480        0.2939357E-01
  5990.003        0.3236976E-01
  5990.526        0.3653355E-01
  5990.975        0.4193345E-01
  5991.499        0.5030808E-01
  5992.021        0.6476377E-01
  5992.471        0.8619476E-01
  5992.995        0.1319264
  5993.518        0.2062677
  5993.967        0.2934995
  5994.492        0.4588211
  5995.016        0.6950709
  5995.465        0.8014759
  5995.989        0.6453184
  5996.514        0.3979170
  5996.963        0.2699097
  5997.488        0.1926780
  5998.012        0.1545853
  5998.538        0.1353677
  5998.987        0.1270626
  5999.513        0.1260479
  6000.037        0.1318122
  6000.487        0.1411953
  6001.013        0.1580315
  6001.462        0.1746530
  6001.988        0.1946077
  6002.513        0.2160633
  6002.964        0.2324860
  6003.490        0.2493467
  6004.016        0.2635989
  6004.466        0.2724762
  6004.993        0.2844316
  6005.518        0.3009137
  6005.970        0.3208163
  6006.496        0.3504905
  6007.022        0.3854558
  6007.473        0.4149255
  6008.000        0.4509310
  6008.526        0.4955131
  6008.978        0.5397081
  6009.504        0.5943731
  6010.032        0.6514234
  6010.936        0.7447601
  6011.839        0.8153974
  6012.818        0.8636097
  6013.798        0.8911230
  6014.778        0.9127590
  6015.758        0.9327775
  6016.815        0.9475714
  6017.796        0.9585799
  6018.929        0.9661185
  6019.986        0.9669495
  6021.120        0.9663427
  6022.177        0.9695972
  6023.388        0.9818117
  6024.522        0.9991056
  6025.733         1.017527
  6026.869         1.032631
  6028.157         1.047809
  6029.369         1.061662
  6030.582         1.073861
  6031.872         1.084904
  6033.161         1.093014
  6034.528         1.097891
  6035.819         1.101108
  6037.187         1.103100
  6038.555         1.103617
  6040.000         1.101155
  6041.370         1.094532
  6042.816         1.083887
  6044.264         1.070170
  6045.712         1.056069
  6047.237         1.037561
  6048.763         1.018251
  6050.289         1.006398
  6051.816        0.9954885
  6053.422        0.9760578
  6054.951        0.9567837
  6056.557        0.9394174
  6058.241        0.9244351
  6059.849        0.9135595
  6061.535        0.9068960
  6063.222        0.9021192
  6064.910        0.8976800
  6066.676        0.8949145
  6068.365        0.8923957
  6070.133        0.8912681
  6071.902        0.8900358
  6073.749        0.8899705
  6075.521        0.8894710
  6077.369        0.8908635
  6079.220        0.8921964
  6081.149        0.8952614
  6083.002        0.8988659
  6084.934        0.9032536
  6086.866        0.9071967
  6088.800        0.9108808
  6090.813        0.9147538
  6092.827        0.9182498
  6094.843        0.9205525
  6096.859        0.9235745
  6098.878        0.9260302
  6100.975        0.9291139
  6103.075        0.9314805
  6105.175        0.9358249
  6107.277        0.9393465
  6109.459        0.9431154
  6111.643        0.9468608
  6113.827        0.9506601
  6116.013        0.9545878
  6118.280        0.9572488
  6120.470        0.9604459
  6122.740        0.9630439
  6125.011        0.9653053
  6127.363        0.9667649
  6129.639        0.9681708
  6131.995        0.9680421
  6134.352        0.9670782
  6136.790        0.9649635
  6139.151        0.9627557
  6141.594        0.9597056
  6144.038        0.9561838
  6146.484        0.9525574
  6148.932        0.9490637
  6151.462        0.9448854
  6153.994        0.9412497
  6156.528        0.9372965
  6159.064        0.9339850
  6161.603        0.9308828
  6164.222        0.9280720
  6166.844        0.9256517
  6169.470        0.9235388
  6172.096        0.9217489
  6174.806        0.9199205
  6177.517        0.9192110
  6180.231        0.9179150
  6182.948        0.9171357
  6185.667        0.9161999
  6188.469        0.9158707
  6191.273        0.9154066
  6194.081        0.9157709
  6196.891        0.9155267
  6199.703        0.9159377
  6202.599        0.9159536
  6205.498        0.9159715
  6208.399        0.9165541
  6211.304        0.9167119
  6214.210        0.9170356
  6217.202        0.9176863
  6220.196        0.9185470
  6223.193        0.9189344
  6226.193        0.9199227
  6229.196        0.9211949
  6232.284        0.9227403
  6235.375        0.9237103
  6238.469        0.9251907
  6241.565        0.9261430
  6244.748        0.9276497
  6247.852        0.9287062
  6251.041        0.9298756
  6254.233        0.9310295
  6257.429        0.9318151
  6260.710        0.9327658
  6263.913        0.9335956
  6267.202        0.9336478
  6270.494        0.9338613
  6273.790        0.9338376
  6277.172        0.9336493
  6280.475        0.9339170
  6283.865        0.9338478
  6287.258        0.9332310
  6290.655        0.9328951
  6294.056        0.9328939
  6297.544        0.9326333
  6300.954        0.9323252
  6304.450        0.9323901
  6307.950        0.9322641
  6311.538        0.9325972
  6315.047        0.9324986
  6318.560        0.9328181
  6322.161        0.9334079
  6325.766        0.9335578
  6329.375        0.9344797
  6333.073        0.9349604
  6336.691        0.9352829
  6340.397        0.9359059
  6344.109        0.9366164
  6347.826        0.9374621
  6351.546        0.9382293
  6355.271        0.9391323
  6359.085        0.9399872
  6362.819        0.9408329
  6366.645        0.9420304
  6370.473        0.9430909
  6374.307        0.9438091
  6378.230        0.9456322
  6382.075        0.9470736
  6386.009        0.9482866
  6389.948        0.9503028
  6393.893        0.9517211
  6397.842        0.9535806
  6401.882        0.9552549
  6405.843        0.9571467
  6409.894        0.9585840
  6413.950        0.9602506
  6418.013        0.9617393
  6422.081        0.9638774
  6426.153        0.9657644
  6430.318        0.9672464
  6434.402        0.9688607
  6438.579        0.9702538
  6442.761        0.9719486
  6446.949        0.9732842
  6451.230        0.9746336
  6455.430        0.9764892
  6459.723        0.9774112
  6463.934        0.9788143
  6468.239        0.9802853
  6472.550        0.9820815
  6476.955        0.9834505
  6481.278        0.9849465
  6485.607        0.9864903
  6490.031        0.9881211
  6494.461        0.9895851
  6498.898        0.9911991
  6503.341        0.9932495
  6507.790        0.9948864
  6512.335        0.9965041
  6516.797        0.9979829
  6521.355        0.9996878
  6525.920         1.001409
  6530.492         1.003738
  6535.069         1.005605
  6539.655         1.007464
  6544.247         1.009706
  6548.936         1.011818
  6553.541         1.014127
  6558.244         1.016696
  6562.954         1.019225
  6567.671         1.021673
  6572.395         1.024473
  6577.218         1.026823
  6581.956         1.029624
  6586.792         1.032524
  6591.546         1.035599
  6596.397         1.038488
  6601.257         1.041381
  6606.125         1.044394
  6611.091         1.047315
  6615.973         1.050401
  6620.955         1.053903
  6625.853         1.056569
  6630.850         1.059979
  6635.855         1.062881
  6640.869         1.066349
  6645.891         1.069574
  6650.919         1.072717
  6655.957         1.076123
  6661.096         1.079736
  6666.150         1.083343
  6671.305         1.086867
  6676.469         1.090255
  6681.642         1.093781
  6686.822         1.097505
  6692.011         1.100919
  6697.303         1.104450
  6702.509         1.108215
  6707.724         1.111925
  6713.042         1.115082
  6718.369         1.118643
  6723.705         1.122424
  6729.049         1.126209
  6734.403         1.129877
  6739.766         1.133443
  6745.137         1.137359
  6750.614         1.141342
  6756.003         1.144895
  6761.498         1.148628
  6766.906         1.152586
  6772.420         1.156845
  6777.943         1.160622
  6783.476         1.164639
  6789.018         1.168834
  6794.569         1.172908
  6800.228         1.177456
  6805.799         1.182091
  6811.477         1.186012
  6817.067         1.190391
  6822.765         1.195016
  6828.473         1.199651
  6834.190         1.204205
  6839.918         1.208710
  6845.656         1.213020
  6851.405         1.217885
  6857.163         1.222534
  6863.031         1.227408
  6868.810         1.232016
  6874.698         1.236765
  6880.498         1.241609
  6886.407         1.246425
  6892.327         1.251261
  6898.258         1.256078
  6904.200         1.261050
  6910.152         1.265834
  6916.115         1.270975
  6922.089         1.275558
  6928.175         1.281135
  6934.171         1.286152
  6940.279         1.291225
  6946.296         1.296433
  6952.428         1.302007
  6958.569         1.306768
  6964.620         1.311959
  6970.785         1.317815
  6976.960         1.323199
  6983.147         1.328725
  6989.347         1.334173
  6995.661         1.339884
  7001.882         1.345348
  7008.116         1.351064
  7014.465         1.357203
  7020.722         1.363126
  7027.096         1.369192
  7033.376         1.375389
  7039.774         1.381528
  7046.183         1.387624
  7052.604         1.393983
  7059.039         1.400336
  7065.484         1.406624
  7071.942         1.413411
  7078.413         1.420049
  7084.896         1.426586
  7091.391         1.433269
  7097.899         1.439789
  7104.526         1.446767
  7111.059         1.454367
