# data from ifeffit
#------------------------
#   energy      norm
  6962.0000        2.1602677
  6972.0000        2.1601798
  6982.0000        2.1600539
  6992.0000        2.1598713
  7002.0000        2.1598556
  7012.0000        2.1597385
  7022.0000        2.1598012
  7032.0000        2.1596482
  7042.0000        2.1600296
  7052.0000        2.1601402
  7062.0000        2.1604141
  7072.0000        2.1609361
  7082.0000        2.1618213
  7092.0000        2.1637233
  7092.5000        2.1639608
  7093.0000        2.1641520
  7093.5000        2.1643053
  7094.0000        2.1643428
  7094.5000        2.1644650
  7095.0000        2.1647917
  7095.5000        2.1648272
  7096.0000        2.1651227
  7096.5000        2.1651215
  7097.0000        2.1654434
  7097.5000        2.1656033
  7098.0000        2.1658684
  7098.5000        2.1664207
  7099.0000        2.1667292
  7099.5000        2.1669658
  7100.0000        2.1673858
  7100.5000        2.1677678
  7101.0000        2.1681059
  7101.5000        2.1685376
  7102.0000        2.1690271
  7102.5000        2.1694227
  7103.0000        2.1701152
  7103.5000        2.1705732
  7104.0000        2.1716438
  7104.5000        2.1724149
  7105.0000        2.1735062
  7105.5000        2.1747269
  7106.0000        2.1757832
  7106.5000        2.1775042
  7107.0000        2.1794840
  7107.5000        2.1819107
  7108.0000        2.1851720
  7108.5000        2.1896804
  7109.0000        2.1964142
  7109.5000        2.2079340
  7110.0000        2.2296337
  7110.5000        2.2646301
  7111.0000        2.3153255
  7111.5000        2.3646343
  7112.0000        2.4006889
  7112.5000        2.4300325
  7113.0000        2.4544814
  7113.5000        2.4755489
  7114.0000        2.4935835
  7114.5000        2.5072029
  7115.0000        2.5141529
  7115.5000        2.5191658
  7116.0000        2.5249172
  7116.5000        2.5348041
  7117.0000        2.5543822
  7117.5000        2.5841173
  7118.0000        2.6173870
  7118.5000        2.6557797
  7119.0000        2.6918156
  7119.5000        2.7313760
  7120.0000        2.7725179
  7120.5000        2.8108308
  7121.0000        2.8459025
  7121.5000        2.8782039
  7122.0000        2.9041105
  7122.5000        2.9269697
  7123.0000        2.9479404
  7123.5000        2.9658080
  7124.0000        2.9817648
  7124.5000        2.9970922
  7125.0000        3.0112958
  7125.5000        3.0264308
  7126.0000        3.0423996
  7126.5000        3.0591308
  7127.0000        3.0784897
  7127.5000        3.0993819
  7128.0000        3.1229348
  7128.5000        3.1465792
  7129.0000        3.1693557
  7129.5000        3.1881878
  7130.0000        3.2021367
  7130.5000        3.2078520
  7131.0000        3.2032248
  7131.5000        3.1900224
  7132.0000        3.1733350
  7132.8830        3.1382873
  7133.7850        3.1069356
  7134.7070        3.0837621
  7135.6470        3.0715801
  7136.6060        3.0695578
  7137.5840        3.0769511
  7138.5820        3.0901147
  7139.5990        3.1029421
  7140.6340        3.1113548
  7141.6890        3.1118473
  7142.7630        3.1074278
  7143.8560        3.1034769
  7144.9680        3.1064925
  7146.0990        3.1180506
  7147.2490        3.1367132
  7148.4180        3.1556944
  7149.6060        3.1683977
  7150.8140        3.1760840
  7152.0410        3.1821593
  7153.2860        3.1843659
  7154.5510        3.1817653
  7155.8340        3.1771975
  7157.1370        3.1731245
  7158.4590        3.1714155
  7159.8000        3.1714585
  7161.1600        3.1692474
  7162.5390        3.1650388
  7163.9370        3.1589806
  7165.3540        3.1547121
  7166.7910        3.1517334
  7168.2460        3.1483738
  7169.7200        3.1434428
  7171.2140        3.1354373
  7172.7260        3.1240870
  7174.2580        3.1096563
  7175.8090        3.0941632
  7177.3780        3.0802803
  7178.9670        3.0711602
  7180.5750        3.0693641
  7182.2030        3.0721032
  7183.8490        3.0788619
  7185.5140        3.0900276
  7187.1980        3.1049789
  7188.9010        3.1204271
  7190.6240        3.1382849
  7192.3650        3.1542573
  7194.1260        3.1599180
  7195.9060        3.1545607
  7197.7050        3.1409320
  7199.5220        3.1226743
  7201.3590        3.1021652
  7203.2150        3.0796983
  7205.0900        3.0603417
  7206.9840        3.0516067
  7208.8970        3.0601924
  7210.8300        3.0897987
  7212.7810        3.1360006
  7214.7510        3.1878432
  7216.7410        3.2318270
  7218.7500        3.2593371
  7220.7770        3.2658053
  7222.8240        3.2493441
  7224.8900        3.2165861
  7226.9750        3.1766344
  7229.0790        3.1350934
  7231.2020        3.0953530
  7233.3440        3.0626670
  7235.5050        3.0408841
  7237.6850        3.0316722
  7239.8850        3.0331392
  7242.1030        3.0431710
  7244.3410        3.0578396
  7246.5970        3.0710789
  7248.8730        3.0780088
  7251.1670        3.0762744
  7253.4810        3.0685746
  7255.8140        3.0626847
  7258.1660        3.0646909
  7260.5370        3.0732812
  7262.9270        3.0818838
  7265.3360        3.0883818
  7267.7650        3.0967322
  7270.2120        3.1102350
  7272.6790        3.1265813
  7275.1640        3.1364421
  7277.6680        3.1422628
  7280.1920        3.1503191
  7282.7350        3.1614484
  7285.2970        3.1725134
  7287.8770        3.1778195
  7290.4780        3.1689290
  7293.0970        3.1469451
  7295.7350        3.1193306
  7298.3920        3.0937651
  7301.0680        3.0734517
  7303.7640        3.0583277
  7306.4780        3.0492733
  7309.2110        3.0454627
  7311.9640        3.0460074
  7314.7360        3.0468977
  7317.5260        3.0463393
  7320.3360        3.0455198
  7323.1650        3.0455001
  7326.0130        3.0452995
  7328.8800        3.0445407
  7331.7660        3.0405475
  7334.6710        3.0345503
  7337.5960        3.0310194
  7340.5390        3.0335446
  7343.5010        3.0443331
  7346.4830        3.0599234
  7349.4830        3.0759838
  7352.5030        3.0907348
  7355.5420        3.1031108
  7358.6000        3.1145129
  7361.6760        3.1237031
  7364.7720        3.1280684
  7367.8870        3.1259680
  7371.0210        3.1158963
  7374.1750        3.0974997
  7377.3470        3.0703143
  7380.5380        3.0420692
  7383.7490        3.0212325
  7386.9780        3.0125939
  7390.2270        3.0142122
  7393.4940        3.0196513
  7396.7810        3.0245184
  7400.0870        3.0259539
  7403.4120        3.0254732
  7406.7550        3.0262768
  7410.1190        3.0275451
  7413.5000        3.0285750
  7416.9020        3.0287067
  7420.3220        3.0259856
  7423.7610        3.0212320
  7427.2200        3.0171543
  7430.6970        3.0172382
  7434.1940        3.0192998
  7437.7090        3.0239021
  7441.2440        3.0320832
  7444.7980        3.0414408
  7448.3710        3.0485864
  7451.9620        3.0522809
  7455.5740        3.0528384
  7459.2040        3.0520862
  7462.8530        3.0486866
  7466.5210        3.0423332
  7470.2080        3.0342137
  7473.9150        3.0255936
  7477.6400        3.0195985
  7481.3850        3.0145527
  7485.1480        3.0077973
  7488.9310        3.0007268
  7492.7330        2.9954260
  7496.5540        2.9944637
  7500.3940        2.9957773
  7504.2530        2.9984399
  7508.1310        2.9996170
  7512.0280        2.9995933
  7515.9440        2.9980192
  7519.8790        2.9972953
  7523.8340        2.9972858
  7527.8070        2.9983436
  7531.8000        2.9991888
  7535.8120        2.9996112
  7539.8420        2.9985047
  7543.8920        2.9970606
  7547.9610        2.9963706
  7552.0490        2.9973005
  7556.1560        3.0001111
  7560.2820        3.0035627
  7564.4270        3.0049406
  7568.5910        3.0042091
  7572.7740        3.0009411
  7576.9770        2.9952793
  7581.1980        2.9898639
  7585.4390        2.9852947
  7589.6980        2.9826188
  7593.9770        2.9816323
  7598.2750        2.9819226
  7602.5920        2.9814031
  7606.9280        2.9796968
  7611.2830        2.9770618
  7615.6570        2.9754063
  7620.0500        2.9753588
  7624.4620        2.9762823
  7628.8940        2.9762320
  7633.3440        2.9750542
  7637.8130        2.9722741
  7642.3020        2.9694888
  7646.8100        2.9670558
  7651.3360        2.9658849
  7655.8820        2.9652013
  7660.4470        2.9651609
  7665.0300        2.9661389
  7669.6340        2.9673098
  7674.2550        2.9682466
  7678.8960        2.9692393
  7683.5570        2.9695370
  7688.2360        2.9685969
  7692.9350        2.9665593
  7697.6520        2.9648143
  7702.3890        2.9634466
  7707.1440        2.9620015
  7711.9190        2.9594730
  7716.7120        2.9575513
  7721.5250        2.9557587
  7726.3570        2.9547416
  7731.2080        2.9540955
  7736.0780        2.9532694
  7740.9670        2.9528021
  7745.8750        2.9519232
  7750.8030        2.9513796
  7755.7500        2.9510792
  7760.7150        2.9495970
  7765.6990        2.9480487
  7770.7030        2.9463908
  7775.7260        2.9451074
  7780.7670        2.9440302
  7785.8280        2.9432186
  7790.9080        2.9423282
  7796.0070        2.9418621
  7801.1250        2.9415373
  7806.2620        2.9415121
  7811.4180        2.9409584
  7816.5940        2.9411185
  7821.7880        2.9402487
  7827.0010        2.9399741
  7832.2340        2.9393961
  7837.4850        2.9390560
  7842.7560        2.9385190
  7848.0460        2.9376399
  7853.3540        2.9370021
  7858.6830        2.9359086
  7864.0300        2.9348361
  7869.3960        2.9336253
  7874.7810        2.9324804
  7880.1850        2.9311524
  7885.6080        2.9301774
  7891.0510        2.9294524
  7896.5120        2.9285226
  7901.9920        2.9276649
  7907.4920        2.9267194
  7913.0110        2.9260350
  7918.5480        2.9251409
  7924.1050        2.9246688
  7929.6810        2.9239526
  7935.2760        2.9234845
  7940.8900        2.9234428
  7946.5230        2.9230997
  7952.1750        2.9224730
  7957.8470        2.9222300
  7963.5370        2.9216553
  7969.2470        2.9209915
