# data from ifeffit
#------------------------
#   energy       norm
  6911.7671        1.0810527
  6916.8730        1.0809342
  6921.7030        1.0806857
  6926.8344        1.0806618
  6931.7399        1.0811003
  6936.9887        1.0800552
  6941.7869        1.0802189
  6946.8779        1.0800220
  6951.9154        1.0800330
  6956.9401        1.0798787
  6961.9621        1.0799648
  6966.8684        1.0797141
  6971.9156        1.0797332
  6976.8572        1.0795604
  6981.9918        1.0796728
  6986.8759        1.0796328
  6991.9328        1.0796547
  6996.9144        1.0796217
  7001.8515        1.0795269
  7006.9934        1.0794906
  7011.8412        1.0795712
  7016.9463        1.0794897
  7021.8712        1.0795239
  7026.8765        1.0796832
  7031.9730        1.0796989
  7036.8361        1.0797527
  7041.8952        1.0799613
  7046.8567        1.0799873
  7051.8254        1.0801521
  7056.8965        1.0802402
  7061.8378        1.0806001
  7066.7546        1.0808804
  7071.8057        1.0812316
  7076.7476        1.0817035
  7081.6860        1.0822826
  7086.7913        1.0832575
  7091.5312        1.0843050
  7096.5552        1.0862373
  7101.5653        1.0873071
  7101.9395        1.0858722
  7102.2817        1.0858153
  7102.6987        1.0872733
  7103.1906        1.0896911
  7103.6399        1.0907868
  7104.0036        1.0913048
  7104.2818        1.0916962
  7104.6241        1.0921258
  7105.0950        1.0930257
  7105.5231        1.0934536
  7105.8763        1.0940755
  7106.2402        1.0948423
  7106.5721        1.0952733
  7107.0646        1.0964040
  7107.5251        1.0974308
  7107.9427        1.0984332
  7108.3176        1.0995184
  7108.5961        1.1005684
  7108.9711        1.1024320
  7109.5068        1.1053913
  7109.9354        1.1094577
  7110.2784        1.1146198
  7110.6214        1.1213826
  7111.0073        1.1305561
  7111.4683        1.1398960
  7111.9186        1.1460501
  7112.3583        1.1511909
  7112.6693        1.1554705
  7112.9374        1.1600696
  7113.3772        1.1651039
  7113.8278        1.1684882
  7114.2462        1.1733765
  7114.5789        1.1806153
  7114.9008        1.1888767
  7115.3194        1.2029950
  7115.8132        1.2239882
  7116.2426        1.2452870
  7116.6721        1.2705689
  7116.9728        1.2952831
  7117.2627        1.3288706
  7117.7783        1.3819777
  7118.2402        1.4325685
  7118.6270        1.4833000
  7118.9708        1.5275075
  7119.2931        1.5660431
  7119.7660        1.6213466
  7120.2067        1.6665591
  7120.6367        1.7074025
  7121.0344        1.7448273
  7121.3247        1.7783633
  7121.6473        1.8274218
  7122.0990        1.8912751
  7122.5507        1.9570100
  7122.9272        2.0226746
  7123.2500        2.0772920
  7123.5943        2.1340561
  7124.0785        2.1942007
  7124.5412        2.2368536
  7124.9718        2.2678372
  7125.3377        2.2922698
  7125.6392        2.3156229
  7125.9945        2.3501031
  7126.5329        2.3957838
  7126.9744        2.4387656
  7127.3191        2.4754124
  7127.6315        2.5021833
  7127.9977        2.5234711
  7128.5149        2.5267948
  7128.9244        2.5097138
  7129.3555        2.4786081
  7129.7111        2.4435844
  7129.9806        2.4060130
  7130.3903        2.3463904
  7130.8539        2.2955933
  7131.2852        2.2510910
  7131.6087        2.2152483
  7131.9323        2.1870806
  7132.3314        2.1581630
  7132.8384        2.1306002
  7133.2484        2.1126226
  7133.6585        2.0988593
  7134.0146        2.0876233
  7134.3060        2.0771209
  7134.7701        2.0616901
  7135.2559        2.0488954
  7135.6770        2.0378881
  7135.9902        2.0290133
  7136.3141        2.0216674
  7136.7570        2.0138182
  7137.2322        2.0080136
  7137.6428        2.0053402
  7138.0533        2.0046907
  7138.3667        2.0054527
  7138.6801        2.0084914
  7139.1016        2.0154333
  7139.5880        2.0245169
  7139.9664        2.0337740
  7140.3015        2.0436148
  7140.6043        2.0534358
  7141.1017        2.0670325
  7141.5451        2.0764569
  7141.9670        2.0831268
  7142.3456        2.0863108
  7142.6810        2.0873192
  7143.0165        2.0860268
  7143.5034        2.0802983
  7143.9688        2.0728477
  7144.3693        2.0641708
  7144.6616        2.0564553
  7145.0081        2.0467976
  7145.5061        2.0340508
  7145.9285        2.0228534
  7146.1342        2.0179105
  7147.1308        1.9951560
  7148.3769        1.9721819
  7149.4825        1.9574997
  7150.7729        1.9467879
  7151.9661        1.9399160
  7153.2031        1.9350948
  7154.5382        1.9331031
  7155.7110        1.9345876
  7157.0580        1.9405290
  7158.3621        1.9496586
  7159.6775        1.9591477
  7161.1349        1.9705144
  7162.3752        1.9811269
  7163.8554        1.9982542
  7165.2383        2.0256042
  7166.5673        2.0574189
  7168.1256        2.0902026
  7169.6520        2.1174149
  7171.0481        2.1366245
  7172.5757        2.1485158
  7174.1587        2.1537914
  7175.6768        2.1519633
  7177.2065        2.1422370
  7178.9337        2.1238014
  7180.5524        2.1041285
  7182.1171        2.0863190
  7183.6825        2.0705812
  7185.4567        2.0570523
  7187.2319        2.0435071
  7188.9312        2.0309207
  7190.5875        2.0200504
  7192.3105        2.0106420
  7194.1551        2.0049592
  7196.0336        2.0044503
  7197.8472        2.0086704
  7199.5848        2.0151793
  7201.3452        2.0220283
  7203.3158        2.0275376
  7205.3535        2.0291045
  7207.2492        2.0281845
  7209.1459        2.0273960
  7211.1209        2.0284130
  7213.0750        2.0316237
  7215.0412        2.0374227
  7217.0748        2.0449695
  7219.0322        2.0523090
  7221.2010        2.0567912
  7223.3269        2.0554998
  7225.4540        2.0493108
  7227.5271        2.0401553
  7229.6901        2.0289063
  7231.9100        2.0169214
  7234.0757        2.0061887
  7236.2428        1.9994347
  7238.4892        1.9987461
  7240.7815        2.0070186
  7243.0196        2.0158109
  7245.2257        2.0276859
  7247.5225        2.0366971
  7249.8877        2.0414837
  7252.2322        2.0417825
  7254.4441        2.0402245
  7256.8923        2.0384727
  7259.2080        2.0384522
  7261.6595        2.0402915
  7263.9447        2.0430095
  7266.3884        2.0453814
  7268.9011        2.0470243
  7271.3707        2.0472612
  7273.9207        2.0452312
  7276.5063        2.0411032
  7279.0825        2.0349888
  7281.4918        2.0274068
  7284.1280        2.0182481
  7286.6761        2.0087284
  7289.1808        1.9999998
  7291.9020        1.9919748
  7294.6478        1.9876227
  7297.3619        1.9864365
  7299.8969        1.9876803
  7302.5698        1.9917922
  7305.3240        1.9969948
  7308.1031        2.0023424
  7310.9298        2.0075966
  7313.6451        2.0113828
  7316.3398        2.0138510
  7319.1731        2.0151967
  7322.1113        2.0157282
  7325.0177        2.0154802
  7327.7096        2.0145633
  7330.5978        2.0129577
  7333.6712        2.0106739
  7336.4156        2.0080927
  7339.2995        2.0051378
  7342.4034        2.0016310
  7345.3151        1.9984589
  7348.2866        1.9957014
  7351.3295        1.9935516
  7354.3750        1.9922799
  7357.4117        1.9912789
  7360.4970        1.9899549
  7363.5965        1.9882849
  7366.7103        1.9865906
  7369.8730        1.9850542
  7372.9923        1.9838941
  7376.1260        1.9837266
  7379.4708        1.9834998
  7382.5638        1.9838086
  7385.6710        1.9841777
  7389.1177        1.9854428
  7392.2540        1.9860478
  7395.5907        1.9863290
  7398.9190        1.9861506
  7402.0639        1.9852753
  7405.5498        1.9834708
  7408.7473        1.9813500
  7412.2865        1.9784498
  7415.6187        1.9756240
  7419.0125        1.9724804
  7422.4095        1.9701845
  7425.9271        1.9685622
  7429.3308        1.9673201
  7432.8317        1.9669089
  7436.3831        1.9692698
  7439.7731        1.9658872
  7443.4493        1.9651757
  7446.9286        1.9650773
  7450.5530        1.9650080
  7454.1930        1.9652291
  7457.6709        1.9654738
  7461.4010        1.9658105
  7464.9808        1.9659710
  7468.7422        1.9657288
  7472.3293        1.9652515
  7476.0152        1.9643477
  7479.6095        1.9633926
  7483.6128        1.9619210
  7487.2267        1.9598279
  7491.0472        1.9577493
  7494.8121        1.9556146
  7498.5090        1.9538319
  7502.5692        1.9524523
  7506.2501        1.9513690
  7510.1629        1.9507486
  7514.0679        1.9501698
  7517.8207        1.9495045
  7521.9388        1.9488928
  7525.8082        1.9481551
  7529.6456        1.9474052
  7533.6442        1.9467360
  7537.6835        1.9460256
  7541.5698        1.9455814
  7545.7513        1.9449455
  7549.7434        1.9432811
  7553.5818        1.9443603
  7557.8501        1.9438850
  7561.9286        1.9434816
  7565.8652        1.9432514
  7570.2090        1.9425290
  7574.3257        1.9416331
  7578.4593        1.9406486
  7582.4629        1.9396683
  7586.9000        1.9386138
  7591.0724        1.9375782
  7595.2004        1.9367395
  7599.5177        1.9360112
  7603.8154        1.9350150
  7608.1551        1.9341376
  7612.2900        1.9334309
  7616.5903        1.9325950
  7621.0319        1.9319337
  7625.4540        1.9313372
  7629.7573        1.9306867
  7634.1030        1.9300643
  7638.5657        1.9297161
  7643.1085        1.9287566
  7647.6819        1.9287129
  7652.1861        1.9282050
  7656.7082        1.9276939
  7661.1733        1.9273153
  7665.9195        1.9266969
  7670.5338        1.9258721
  7675.2543        1.9252331
  7679.8676        1.9245714
  7684.6000        1.9239397
  7689.2502        1.9232146
  7693.9694        1.9225052
  7698.8083        1.9219298
  7703.6156        1.9212727
  7708.4798        1.9205267
  7713.2742        1.9199148
  7718.1637        1.9194132
  7722.9579        1.9188920
  7727.8347        1.9182813
  7732.5775        1.9177291
  7737.5818        1.9172365
  7742.5161        1.9167813
  7747.5722        1.9164608
  7752.5197        1.9161761
  7757.5764        1.9156573
  7762.5372        1.9151502
  7767.6332        1.9146102
  7772.6331        1.9140843
  7777.7041        1.9134931
  7782.7174        1.9130128
  7787.8021        1.9124806
  7792.8288        1.9119734
  7797.9272        1.9115046
  7803.0195        1.9110900
  7808.1707        1.9105836
  7813.3029        1.9101276
  7818.4682        1.9094901
  7823.6536        1.9091155
  7828.8461        1.9087597
  7834.0982        1.9082901
  7839.3445        1.9078761
  7844.6637        1.9075924
  7849.9510        1.9070989
  7855.2851        1.9067126
  7860.6927        1.9063791
  7866.0156        1.9060742
  7871.4385        1.9058436
  7876.7896        1.9054286
  7882.2412        1.9049311
  7887.5942        1.9047254
  7893.1012        1.9044261
  7898.4962        1.9040415
  7904.0189        1.9036275
  7909.3892        1.9034447
  7914.9679        1.9031505
  7920.3670        1.9029730
  7925.9482        1.9026787
  7931.3762        1.9022736
  7936.9870        1.9021638
  7942.4576        1.9019140
  7948.1656        1.9017406
  7953.7469        1.9020009
  7959.5394        1.9012788
  7965.1778        1.9011173
  7970.9875        1.9009283
  7976.6155        1.9005115
  7982.4016        1.9006188
  7988.0872        1.9003596
  7993.8222        1.9002185
  7999.4836        1.9000591
  8005.2492        1.8998505
  8011.1743        1.8997001
  8017.0398        1.8996269
  8023.0106        1.8993813
  8028.7975        1.8991069
  8034.6758        1.8989235
  8040.4110        1.8988253
  8046.4039        1.8987249
  8052.3644        1.8985581
  8058.3757        1.8984258
  8064.2849        1.8982960
  8070.2031        1.8983006
  8076.0885        1.8980880
  8082.0665        1.8980761
  8084.0938        1.8981604
