# data from ifeffit
#------------------------
#   energy        xmuf
  6962.0000       0.23276635E-02
  6972.0000       0.27839125E-02
  6982.0000      -0.97406832E-03
  6992.0000      -0.16467133E-02
  7002.0000      -0.10567558E-02
  7012.0000       0.50458064E-03
  7022.0000      -0.34125294E-02
  7032.0000      -0.30909720E-03
  7042.0000      -0.13003987E-02
  7052.0000      -0.24518141E-02
  7062.0000      -0.29436482E-04
  7072.0000       0.55646565E-02
  7082.0000       0.89129246E-02
  7092.0000       0.11353582E-01
  7092.5000       0.13725154E-01
  7093.0000       0.13910246E-01
  7093.5000       0.11452626E-01
  7094.0000       0.11728062E-01
  7094.5000       0.10364343E-01
  7095.0000       0.92226319E-02
  7095.5000       0.10786944E-01
  7096.0000       0.14548862E-01
  7096.5000       0.12195445E-01
  7097.0000       0.14006762E-01
  7097.5000       0.13785779E-01
  7098.0000       0.14048721E-01
  7098.5000       0.14787242E-01
  7099.0000       0.14986550E-01
  7099.5000       0.15393780E-01
  7100.0000       0.14349050E-01
  7100.5000       0.16949922E-01
  7101.0000       0.18136628E-01
  7101.5000       0.14200898E-01
  7102.0000       0.18246500E-01
  7102.5000       0.16855469E-01
  7103.0000       0.15823588E-01
  7103.5000       0.17227201E-01
  7104.0000       0.15915835E-01
  7104.5000       0.17483789E-01
  7105.0000       0.17772698E-01
  7105.5000       0.16391221E-01
  7106.0000       0.18539895E-01
  7106.5000       0.20440006E-01
  7107.0000       0.23349866E-01
  7107.5000       0.22382761E-01
  7108.0000       0.22467752E-01
  7108.5000       0.25743482E-01
  7109.0000       0.26360237E-01
  7109.5000       0.24097003E-01
  7110.0000       0.27688150E-01
  7110.5000       0.28273711E-01
  7111.0000       0.32501446E-01
  7111.5000       0.39694805E-01
  7112.0000       0.50688166E-01
  7112.5000       0.61819201E-01
  7113.0000       0.68227425E-01
  7113.5000       0.78310781E-01
  7114.0000       0.83987672E-01
  7114.5000       0.79757906E-01
  7115.0000       0.77133611E-01
  7115.5000       0.78286687E-01
  7116.0000       0.82173103E-01
  7116.5000       0.84127051E-01
  7117.0000       0.84299772E-01
  7117.5000       0.88973562E-01
  7118.0000       0.92423862E-01
  7118.5000       0.99920817E-01
  7119.0000       0.11057254
  7119.5000       0.12655482
  7120.0000       0.14781581
  7120.5000       0.17750096
  7121.0000       0.22225186
  7121.5000       0.28474617
  7122.0000       0.35919184
  7122.5000       0.44032462
  7123.0000       0.51938851
  7123.5000       0.58307558
  7124.0000       0.64600610
  7124.5000       0.71302786
  7125.0000       0.78651591
  7125.5000       0.87348311
  7126.0000       0.96411704
  7126.5000        1.0518786
  7127.0000        1.1354153
  7127.5000        1.2127689
  7128.0000        1.2847253
  7128.5000        1.3481862
  7129.0000        1.3908521
  7129.5000        1.4106305
  7130.0000        1.4179166
  7130.5000        1.4265561
  7131.0000        1.4394355
  7131.5000        1.4663768
  7132.0000        1.4964936
  7132.8830        1.5184315
  7133.7850        1.5014959
  7134.7070        1.4447942
  7135.6470        1.3866244
  7136.6060        1.3491746
  7137.5840        1.3147096
  7138.5820        1.2662618
  7139.5990        1.2165644
  7140.6340        1.1672549
  7141.6890        1.1273157
  7142.7630        1.1010153
  7143.8560        1.0881634
  7144.9680        1.0858264
  7146.0990        1.0886302
  7147.2490        1.0879889
  7148.4180        1.0693227
  7149.6060        1.0405283
  7150.8140        1.0129848
  7152.0410       0.98576299
  7153.2860       0.96392251
  7154.5510       0.94061296
  7155.8340       0.91991311
  7157.1370       0.89902570
  7158.4590       0.88479883
  7159.8000       0.87909652
  7161.1600       0.87728360
  7162.5390       0.88475282
  7163.9370       0.89347361
  7165.3540       0.90582488
  7166.7910       0.91776562
  7168.2460       0.93753319
  7169.7200       0.96504781
  7171.2140       0.99273159
  7172.7260        1.0320654
  7174.2580        1.0723037
  7175.8090        1.1013685
  7177.3780        1.1172974
  7178.9670        1.1279505
  7180.5750        1.1311402
  7182.2030        1.1331402
  7183.8490        1.1289544
  7185.5140        1.1239763
  7187.1980        1.1182639
  7188.9010        1.1145155
  7190.6240        1.1127928
  7192.3650        1.1039136
  7194.1260        1.0946326
  7195.9060        1.0838660
  7197.7050        1.0784229
  7199.5220        1.0679340
  7201.3590        1.0582134
  7203.2150        1.0478623
  7205.0900        1.0380102
  7206.9840        1.0333100
  7208.8970        1.0320403
  7210.8300        1.0302028
  7212.7810        1.0302628
  7214.7510        1.0308951
  7216.7410        1.0356411
  7218.7500        1.0402850
  7220.7770        1.0409791
  7222.8240        1.0500539
  7224.8900        1.0496859
  7226.9750        1.0497767
  7229.0790        1.0459277
  7231.2020        1.0443994
  7233.3440        1.0427919
  7235.5050        1.0467301
  7237.6850        1.0491791
  7239.8850        1.0520360
  7242.1030        1.0493498
  7244.3410        1.0463372
  7246.5970        1.0390957
  7248.8730        1.0365183
  7251.1670        1.0350709
  7253.4810        1.0337574
  7255.8140        1.0364813
  7258.1660        1.0452121
  7260.5370        1.0531549
  7262.9270        1.0604507
  7265.3360        1.0628751
  7267.7650        1.0704292
  7270.2120        1.0777722
  7272.6790        1.0778849
  7275.1640        1.0793343
  7277.6680        1.0854955
  7280.1920        1.0875160
  7282.7350        1.0905418
  7285.2970        1.0909939
  7287.8770        1.0894362
  7290.4780        1.0883424
  7293.0970        1.0873353
  7295.7350        1.0845272
  7298.3920        1.0815125
  7301.0680        1.0746973
  7303.7640        1.0665035
  7306.4780        1.0619853
  7309.2110        1.0585084
  7311.9640        1.0513190
  7314.7360        1.0459036
  7317.5260        1.0398645
  7320.3360        1.0368841
  7323.1650        1.0390541
  7326.0130        1.0436656
  7328.8800        1.0516251
  7331.7660        1.0590413
  7334.6710        1.0695866
  7337.5960        1.0774714
  7340.5390        1.0870550
  7343.5010        1.0941185
  7346.4830        1.0935927
  7349.4830        1.0946236
  7352.5030        1.0926046
  7355.5420        1.0910364
  7358.6000        1.0894059
  7361.6760        1.0861708
  7364.7720        1.0811581
  7367.8870        1.0809564
  7371.0210        1.0784373
  7374.1750        1.0787435
  7377.3470        1.0784194
  7380.5380        1.0782139
  7383.7490        1.0812322
  7386.9780        1.0805854
  7390.2270        1.0817305
  7393.4940        1.0822160
  7396.7810        1.0848552
  7400.0870        1.0936281
  7403.4120        1.1011370
  7406.7550        1.1081955
  7410.1190        1.1138292
  7413.5000        1.1141786
  7416.9020        1.1181999
  7420.3220        1.1195068
  7423.7610        1.1192709
  7427.2200        1.1170038
  7430.6970        1.1168922
  7434.1940        1.1140899
  7437.7090        1.1103112
  7441.2440        1.1103061
  7444.7980        1.1090523
  7448.3710        1.1074464
  7451.9620        1.1079222
  7455.5740        1.1115489
  7459.2040        1.1169048
  7462.8530        1.1199610
  7466.5210        1.1247130
  7470.2080        1.1289187
  7473.9150        1.1330226
  7477.6400        1.1373493
  7481.3850        1.1419316
  7485.1480        1.1451483
  7488.9310        1.1457395
  7492.7330        1.1485155
  7496.5540        1.1510898
  7500.3940        1.1526180
  7504.2530        1.1542138
  7508.1310        1.1561811
  7512.0280        1.1605224
  7515.9440        1.1616816
  7519.8790        1.1639811
  7523.8340        1.1657695
  7527.8070        1.1681407
  7531.8000        1.1734686
  7535.8120        1.1758031
  7539.8420        1.1805768
  7543.8920        1.1844003
  7547.9610        1.1872885
  7552.0490        1.1910698
  7556.1560        1.1930239
  7560.2820        1.1952513
  7564.4270        1.1989693
  7568.5910        1.2024478
  7572.7740        1.2059688
  7576.9770        1.2108121
  7581.1980        1.2145588
  7585.4390        1.2157412
  7589.6980        1.2235483
  7593.9770        1.2237308
  7598.2750        1.2292721
  7602.5920        1.2316675
  7606.9280        1.2353383
  7611.2830        1.2406184
  7615.6570        1.2464535
  7620.0500        1.2495172
  7624.4620        1.2536829
  7628.8940        1.2602744
  7633.3440        1.2626376
  7637.8130        1.2675489
  7642.3020        1.2684749
  7646.8100        1.2723875
  7651.3360        1.2772284
  7655.8820        1.2799589
  7660.4470        1.2823936
  7665.0300        1.2870721
  7669.6340        1.2930354
  7674.2550        1.2997673
  7678.8960        1.3061243
  7683.5570        1.3137807
  7688.2360        1.3197526
  7692.9350        1.3228121
  7697.6520        1.3295178
  7702.3890        1.3361614
  7707.1440        1.3401783
  7711.9190        1.3452967
  7716.7120        1.3507417
  7721.5250        1.3561038
  7726.3570        1.3593218
  7731.2080        1.3681746
  7736.0780        1.3719499
  7740.9670        1.3778155
  7745.8750        1.3853570
  7750.8030        1.3901241
  7755.7500        1.3939525
  7760.7150        1.4009251
  7765.6990        1.4050581
  7770.7030        1.4110024
  7775.7260        1.4171354
  7780.7670        1.4239430
  7785.8280        1.4309163
  7790.9080        1.4392026
  7796.0070        1.4419093
  7801.1250        1.4507378
  7806.2620        1.4557592
  7811.4180        1.4627220
  7816.5940        1.4707048
  7821.7880        1.4781442
  7827.0010        1.4826820
  7832.2340        1.4892353
  7837.4850        1.4959341
  7842.7560        1.5056283
  7848.0460        1.5126768
  7853.3540        1.5194837
  7858.6830        1.5266118
  7864.0300        1.5340454
  7869.3960        1.5412671
  7874.7810        1.5507483
  7880.1850        1.5593508
  7885.6080        1.5668172
  7891.0510        1.5736707
  7896.5120        1.5832637
  7901.9920        1.5914585
  7907.4920        1.5988348
  7913.0110        1.6066154
  7918.5480        1.6124372
  7924.1050        1.6209123
  7929.6810        1.6279095
  7935.2760        1.6372933
  7940.8900        1.6462273
  7946.5230        1.6571556
  7952.1750        1.6638362
  7957.8470        1.6744999
  7963.5370        1.6830376
  7969.2470        1.6915652
