# data from ifeffit
#------------------------
#   energy     xmuf
  6962.0000       0.26765767E-03
  6972.0000       0.17984055E-03
  6982.0000       0.53898495E-04
  6992.0000      -0.12874386E-03
  7002.0000      -0.14440770E-03
  7012.0000      -0.26146319E-03
  7022.0000      -0.19881878E-03
  7032.0000      -0.35182652E-03
  7042.0000       0.29584125E-04
  7052.0000       0.14022601E-03
  7062.0000       0.41405320E-03
  7072.0000       0.93606334E-03
  7082.0000       0.18212881E-02
  7092.0000       0.37233173E-02
  7092.5000       0.39608002E-02
  7093.0000       0.41520250E-02
  7093.5000       0.43052876E-02
  7094.0000       0.43428315E-02
  7094.5000       0.44650176E-02
  7095.0000       0.47916979E-02
  7095.5000       0.48271932E-02
  7096.0000       0.51226729E-02
  7096.5000       0.51215372E-02
  7097.0000       0.54434218E-02
  7097.5000       0.56033227E-02
  7098.0000       0.58684426E-02
  7098.5000       0.64207012E-02
  7099.0000       0.67292030E-02
  7099.5000       0.69658051E-02
  7100.0000       0.73858232E-02
  7100.5000       0.77677776E-02
  7101.0000       0.81058901E-02
  7101.5000       0.85376226E-02
  7102.0000       0.90271224E-02
  7102.5000       0.94227321E-02
  7103.0000       0.10115169E-01
  7103.5000       0.10573227E-01
  7104.0000       0.11643790E-01
  7104.5000       0.12414943E-01
  7105.0000       0.13506179E-01
  7105.5000       0.14726875E-01
  7106.0000       0.15783159E-01
  7106.5000       0.17504152E-01
  7107.0000       0.19484030E-01
  7107.5000       0.21910675E-01
  7108.0000       0.25171962E-01
  7108.5000       0.29680375E-01
  7109.0000       0.36414210E-01
  7109.5000       0.47933969E-01
  7110.0000       0.69633749E-01
  7110.5000       0.10463014
  7111.0000       0.15532550
  7111.5000       0.20463432
  7112.0000       0.24068893
  7112.5000       0.27003254
  7113.0000       0.29448144
  7113.5000       0.31554886
  7114.0000       0.33358347
  7114.5000       0.34720285
  7115.0000       0.35415294
  7115.5000       0.35916582
  7116.0000       0.36491716
  7116.5000       0.37480407
  7117.0000       0.39438223
  7117.5000       0.42411729
  7118.0000       0.45738698
  7118.5000       0.49577966
  7119.0000       0.53181555
  7119.5000       0.57137596
  7120.0000       0.61251790
  7120.5000       0.65083081
  7121.0000       0.68590250
  7121.5000       0.71820389
  7122.0000       0.74411049
  7122.5000       0.76696969
  7123.0000       0.78794042
  7123.5000       0.80580796
  7124.0000       0.82176484
  7124.5000       0.83709218
  7125.0000       0.85129583
  7125.5000       0.86643076
  7126.0000       0.88239959
  7126.5000       0.89913076
  7127.0000       0.91848969
  7127.5000       0.93938189
  7128.0000       0.96293477
  7128.5000       0.98657918
  7129.0000        1.0093557
  7129.5000        1.0281878
  7130.0000        1.0421367
  7130.5000        1.0478520
  7131.0000        1.0432248
  7131.5000        1.0300224
  7132.0000        1.0133350
  7132.8830       0.97828731
  7133.7850       0.94693563
  7134.7070       0.92376211
  7135.6470       0.91158009
  7136.6060       0.90955775
  7137.5840       0.91695106
  7138.5820       0.93011470
  7139.5990       0.94294205
  7140.6340       0.95135484
  7141.6890       0.95184734
  7142.7630       0.94742783
  7143.8560       0.94347694
  7144.9680       0.94649245
  7146.0990       0.95805059
  7147.2490       0.97671323
  7148.4180       0.99569444
  7149.6060        1.0083977
  7150.8140        1.0160840
  7152.0410        1.0221593
  7153.2860        1.0243659
  7154.5510        1.0217653
  7155.8340        1.0171975
  7157.1370        1.0131245
  7158.4590        1.0114155
  7159.8000        1.0114585
  7161.1600        1.0092474
  7162.5390        1.0050388
  7163.9370       0.99898062
  7165.3540       0.99471207
  7166.7910       0.99173344
  7168.2460       0.98837384
  7169.7200       0.98344277
  7171.2140       0.97543728
  7172.7260       0.96408701
  7174.2580       0.94965628
  7175.8090       0.93416319
  7177.3780       0.92028029
  7178.9670       0.91116019
  7180.5750       0.90936409
  7182.2030       0.91210315
  7183.8490       0.91886186
  7185.5140       0.93002759
  7187.1980       0.94497892
  7188.9010       0.96042706
  7190.6240       0.97828487
  7192.3650       0.99425725
  7194.1260       0.99991799
  7195.9060       0.99456070
  7197.7050       0.98093200
  7199.5220       0.96267431
  7201.3590       0.94216516
  7203.2150       0.91969828
  7205.0900       0.90034168
  7206.9840       0.89160673
  7208.8970       0.90019240
  7210.8300       0.92979868
  7212.7810       0.97600064
  7214.7510        1.0278432
  7216.7410        1.0718270
  7218.7500        1.0993371
  7220.7770        1.1058053
  7222.8240        1.0893441
  7224.8900        1.0565861
  7226.9750        1.0166344
  7229.0790       0.97509337
  7231.2020       0.93535302
  7233.3440       0.90266703
  7235.5050       0.88088409
  7237.6850       0.87167217
  7239.8850       0.87313921
  7242.1030       0.88317097
  7244.3410       0.89783958
  7246.5970       0.91107889
  7248.8730       0.91800876
  7251.1670       0.91627441
  7253.4810       0.90857461
  7255.8140       0.90268466
  7258.1660       0.90469090
  7260.5370       0.91328116
  7262.9270       0.92188375
  7265.3360       0.92838184
  7267.7650       0.93673224
  7270.2120       0.95023501
  7272.6790       0.96658125
  7275.1640       0.97644207
  7277.6680       0.98226276
  7280.1920       0.99031909
  7282.7350        1.0014484
  7285.2970        1.0125134
  7287.8770        1.0178195
  7290.4780        1.0089290
  7293.0970       0.98694510
  7295.7350       0.95933061
  7298.3920       0.93376514
  7301.0680       0.91345172
  7303.7640       0.89832774
  7306.4780       0.88927331
  7309.2110       0.88546275
  7311.9640       0.88600737
  7314.7360       0.88689774
  7317.5260       0.88633932
  7320.3360       0.88551979
  7323.1650       0.88550011
  7326.0130       0.88529951
  7328.8800       0.88454071
  7331.7660       0.88054746
  7334.6710       0.87455033
  7337.5960       0.87101935
  7340.5390       0.87354459
  7343.5010       0.88433313
  7346.4830       0.89992342
  7349.4830       0.91598378
  7352.5030       0.93073480
  7355.5420       0.94311081
  7358.6000       0.95451287
  7361.6760       0.96370311
  7364.7720       0.96806837
  7367.8870       0.96596799
  7371.0210       0.95589629
  7374.1750       0.93749968
  7377.3470       0.91031433
  7380.5380       0.88206923
  7383.7490       0.86123249
  7386.9780       0.85259390
  7390.2270       0.85421222
  7393.4940       0.85965129
  7396.7810       0.86451839
  7400.0870       0.86595394
  7403.4120       0.86547323
  7406.7550       0.86627675
  7410.1190       0.86754514
  7413.5000       0.86857504
  7416.9020       0.86870673
  7420.3220       0.86598564
  7423.7610       0.86123201
  7427.2200       0.85715431
  7430.6970       0.85723823
  7434.1940       0.85929976
  7437.7090       0.86390205
  7441.2440       0.87208315
  7444.7980       0.88144080
  7448.3710       0.88858637
  7451.9620       0.89228094
  7455.5740       0.89283842
  7459.2040       0.89208615
  7462.8530       0.88868655
  7466.5210       0.88233325
  7470.2080       0.87421367
  7473.9150       0.86559356
  7477.6400       0.85959848
  7481.3850       0.85455269
  7485.1480       0.84779728
  7488.9310       0.84072684
  7492.7330       0.83542602
  7496.5540       0.83446371
  7500.3940       0.83577726
  7504.2530       0.83843990
  7508.1310       0.83961704
  7512.0280       0.83959332
  7515.9440       0.83801919
  7519.8790       0.83729532
  7523.8340       0.83728582
  7527.8070       0.83834360
  7531.8000       0.83918877
  7535.8120       0.83961122
  7539.8420       0.83850468
  7543.8920       0.83706056
  7547.9610       0.83637058
  7552.0490       0.83730051
  7556.1560       0.84011112
  7560.2820       0.84356271
  7564.4270       0.84494059
  7568.5910       0.84420914
  7572.7740       0.84094112
  7576.9770       0.83527926
  7581.1980       0.82986392
  7585.4390       0.82529469
  7589.6980       0.82261878
  7593.9770       0.82163230
  7598.2750       0.82192262
  7602.5920       0.82140308
  7606.9280       0.81969681
  7611.2830       0.81706181
  7615.6570       0.81540632
  7620.0500       0.81535881
  7624.4620       0.81628227
  7628.8940       0.81623196
  7633.3440       0.81505421
  7637.8130       0.81227408
  7642.3020       0.80948884
  7646.8100       0.80705583
  7651.3360       0.80588487
  7655.8820       0.80520128
  7660.4470       0.80516087
  7665.0300       0.80613889
  7669.6340       0.80730975
  7674.2550       0.80824662
  7678.8960       0.80923931
  7683.5570       0.80953704
  7688.2360       0.80859693
  7692.9350       0.80655927
  7697.6520       0.80481433
  7702.3890       0.80344655
  7707.1440       0.80200145
  7711.9190       0.79947297
  7716.7120       0.79755129
  7721.5250       0.79575873
  7726.3570       0.79474155
  7731.2080       0.79409551
  7736.0780       0.79326942
  7740.9670       0.79280207
  7745.8750       0.79192322
  7750.8030       0.79137957
  7755.7500       0.79107923
  7760.7150       0.78959699
  7765.6990       0.78804872
  7770.7030       0.78639078
  7775.7260       0.78510743
  7780.7670       0.78403015
  7785.8280       0.78321858
  7790.9080       0.78232823
  7796.0070       0.78186207
  7801.1250       0.78153732
  7806.2620       0.78151211
  7811.4180       0.78095836
  7816.5940       0.78111854
  7821.7880       0.78024871
  7827.0010       0.77997405
  7832.2340       0.77939613
  7837.4850       0.77905602
  7842.7560       0.77851897
  7848.0460       0.77763992
  7853.3540       0.77700212
  7858.6830       0.77590855
  7864.0300       0.77483610
  7869.3960       0.77362526
  7874.7810       0.77248040
  7880.1850       0.77115235
  7885.6080       0.77017744
  7891.0510       0.76945240
  7896.5120       0.76852257
  7901.9920       0.76766492
  7907.4920       0.76671940
  7913.0110       0.76603499
  7918.5480       0.76514090
  7924.1050       0.76466878
  7929.6810       0.76395255
  7935.2760       0.76348451
  7940.8900       0.76344283
  7946.5230       0.76309972
  7952.1750       0.76247303
  7957.8470       0.76222999
  7963.5370       0.76165532
  7969.2470       0.76099148
