# data from ifeffit
#------------------------
#   energy      xmu       bkg       deriv
  6911.7671       0.10527328E-02   0.10527328E-02  -0.59251738E-03
  6916.8730       0.93422936E-03   0.93422936E-03  -0.91767084E-03
  6921.7030       0.68566450E-03   0.68566450E-03  -0.68107383E-03
  6926.8344       0.66179983E-03   0.66179983E-03   0.10366093E-02
  6931.7399       0.11003082E-02   0.11003082E-02  -0.15165137E-02
  6936.9887       0.55194358E-04   0.55194358E-04  -0.22036249E-02
  6941.7869       0.21885826E-03   0.21885826E-03  -0.83047435E-04
  6946.8779       0.21975384E-04   0.21975384E-04  -0.46473142E-03
  6951.9154       0.32965691E-04   0.32965691E-04  -0.35818504E-03
  6956.9401      -0.12129863E-03  -0.12129863E-03  -0.17031144E-03
  6961.9621      -0.35158884E-04  -0.35158884E-04  -0.41152772E-03
  6966.8684      -0.28590972E-03  -0.28590972E-03  -0.57911435E-03
  6971.9156      -0.26680463E-03  -0.26680463E-03  -0.38426800E-03
  6976.8572      -0.43961692E-03  -0.43961692E-03  -0.15101018E-03
  6981.9918      -0.32720870E-03  -0.32720870E-03   0.18097245E-03
  6986.8759      -0.36722794E-03  -0.36722794E-03  -0.45212998E-04
  6991.9328      -0.34529390E-03  -0.34529390E-03  -0.27649467E-04
  6996.9144      -0.37828773E-03  -0.37828773E-03  -0.31957118E-03
  7001.8515      -0.47312237E-03  -0.47312237E-03  -0.32790497E-03
  7006.9934      -0.50944972E-03  -0.50944972E-03   0.11091967E-03
  7011.8412      -0.42875450E-03  -0.42875450E-03  -0.20224516E-05
  7016.9463      -0.51025870E-03  -0.51025870E-03  -0.11833883E-03
  7021.8712      -0.47609003E-03  -0.47609003E-03   0.48355488E-03
  7026.8765      -0.31683675E-03  -0.31683675E-03   0.43741385E-03
  7031.9730      -0.30112449E-03  -0.30112449E-03   0.17378413E-03
  7036.8361      -0.24732310E-03  -0.24732310E-03   0.65594478E-03
  7041.8952      -0.38746580E-04  -0.38746580E-04   0.58648476E-03
  7046.8567      -0.12729193E-04  -0.12729193E-04   0.47724063E-03
  7051.8254       0.15214967E-03   0.15214967E-03   0.63242148E-03
  7056.8965       0.24023940E-03   0.24023940E-03   0.11199184E-02
  7061.8378       0.60011704E-03   0.60011704E-03   0.16004201E-02
  7066.7546       0.88040744E-03   0.88040744E-03   0.15786142E-02
  7071.8057       0.12315627E-02   0.12315627E-02   0.20577906E-02
  7076.7476       0.17035237E-02   0.17035237E-02   0.26275156E-02
  7081.6860       0.22825690E-02   0.22825690E-02   0.38850399E-02
  7086.7913       0.32575396E-02   0.32575396E-02   0.50561927E-02
  7091.5312       0.43050460E-02   0.43050460E-02   0.74494222E-02
  7096.5552       0.62373085E-02   0.62373085E-02   0.75052022E-02
  7101.5653       0.73071269E-02   0.73071269E-02  -0.91277943E-03
  7101.9395       0.58721967E-02   0.58721967E-02  -0.37296169E-02
  7102.2817       0.58152801E-02   0.58152801E-02   0.35026967E-02
  7102.6987       0.72732754E-02   0.72732754E-02   0.96894412E-02
  7103.1906       0.96910566E-02   0.96910566E-02   0.87836881E-02
  7103.6399       0.10786751E-01   0.10786751E-01   0.40342915E-02
  7104.0036       0.11304773E-01   0.11304773E-01   0.22735798E-02
  7104.2818       0.11696183E-01   0.11696183E-01   0.20525419E-02
  7104.6241       0.12125790E-01   0.12125790E-01   0.33238961E-02
  7105.0950       0.13025741E-01   0.13025741E-01   0.33194732E-02
  7105.5231       0.13453579E-01   0.13453579E-01   0.26242785E-02
  7105.8763       0.14075452E-01   0.14075452E-01   0.34718451E-02
  7106.2402       0.14842317E-01   0.14842317E-01   0.29945737E-02
  7106.5721       0.15273282E-01   0.15273282E-01   0.39041773E-02
  7107.0646       0.16403988E-01   0.16403988E-01   0.53938190E-02
  7107.5251       0.17430810E-01   0.17430810E-01   0.50731242E-02
  7107.9427       0.18433238E-01   0.18433238E-01   0.52189727E-02
  7108.3176       0.19518399E-01   0.19518399E-01   0.53380032E-02
  7108.5961       0.20568439E-01   0.20568439E-01   0.72841289E-02
  7108.9711       0.22432050E-01   0.22432050E-01   0.12057145E-01
  7109.5068       0.25391297E-01   0.25391297E-01   0.17564020E-01
  7109.9354       0.29457658E-01   0.29457658E-01   0.23071319E-01
  7110.2784       0.34619825E-01   0.34619825E-01   0.29812241E-01
  7110.6214       0.41382555E-01   0.41382555E-01   0.39840675E-01
  7111.0073       0.50556095E-01   0.50556095E-01   0.46283554E-01
  7111.4683       0.59895976E-01   0.59895976E-01   0.38735000E-01
  7111.9186       0.66050095E-01   0.66050095E-01   0.28237206E-01
  7112.3583       0.71190859E-01   0.71190859E-01   0.23550895E-01
  7112.6693       0.75470453E-01   0.75470453E-01   0.22196822E-01
  7112.9374       0.80069588E-01   0.80069588E-01   0.24083553E-01
  7113.3772       0.85103874E-01   0.85103874E-01   0.21046468E-01
  7113.8278       0.88488175E-01   0.88488175E-01   0.20681462E-01
  7114.2462       0.93376458E-01   0.93376458E-01   0.30317875E-01
  7114.5789       0.10061532       0.10061532       0.38750661E-01
  7114.9008       0.10887672       0.10887672       0.55949173E-01
  7115.3194       0.12299499       0.12299499       0.87778691E-01
  7115.8132       0.14398820       0.14398820       0.10573002
  7116.2426       0.16528700       0.16528700       0.11645175
  7116.6721       0.19056890       0.19056890       0.12499021
  7116.9728       0.21528308       0.21528308       0.14575424
  7117.2627       0.24887060       0.24887060       0.21673657
  7117.7783       0.30197771       0.30197771       0.25924472
  7118.2402       0.35256848       0.35256848       0.25330569
  7118.6270       0.40329999       0.40329999       0.23734741
  7118.9708       0.44750745       0.44750745       0.20685771
  7119.2931       0.48604307       0.48604307       0.23459777
  7119.7660       0.54134656       0.54134656       0.25129017
  7120.2067       0.58655914       0.58655914       0.21513978
  7120.6367       0.62740247       0.62740247       0.19567037
  7121.0344       0.66482729       0.66482729       0.17740202
  7121.3247       0.69836328       0.69836328       0.20648629
  7121.6473       0.74742180       0.74742180       0.28227961
  7122.0990       0.81127512       0.81127512       0.32397044
  7122.5507       0.87700998       0.87700998       0.32849861
  7122.9272       0.94267457       0.92750564       0.30070508
  7123.2500       0.99729202       0.92816177       0.27845386
  7123.5943        1.0540561       0.92885374       0.29227159
  7124.0785        1.1142007       0.92981309       0.25699363
  7124.5412        1.1568536       0.93071491       0.18409125
  7124.9718        1.1878372       0.93154084       0.13854052
  7125.3377        1.2122698       0.93223311       0.11946439
  7125.6392        1.2356229       0.93279652       0.14458337
  7125.9945        1.2701031       0.93345281       0.20040222
  7126.5329        1.3157838       0.93443136       0.22165631
  7126.9744        1.3587656       0.93521964       0.19907148
  7127.3191        1.3954124       0.93582609       0.15854419
  7127.6315        1.4221833       0.93636908       0.12014679
  7127.9977        1.4434711       0.93699773       0.61528762E-01
  7128.5149        1.4467948       0.93787070      -0.34393276E-01
  7128.9244        1.4297138       0.93854982      -0.12046683
  7129.3555        1.3986081       0.93925333      -0.16532337
  7129.7111        1.3635844       0.93982503      -0.18148778
  7129.9806        1.3260130       0.94025292      -0.24298510
  7130.3903        1.2663904       0.94089476      -0.27604922
  7130.8539        1.2155933       0.94160871      -0.23824862
  7131.2852        1.1710910       0.94226115      -0.20086255
  7131.6087        1.1352483       0.94274314      -0.16002590
  7131.9323        1.1070806       0.94321888      -0.14271318
  7132.3314        1.0781630       0.94379707      -0.14120088
  7132.8384        1.0506002       0.94451800      -0.11385109
  7133.2484        1.0326226       0.94508989      -0.79352383E-01
  7133.6585        1.0188593       0.94565205      -0.62498063E-01
  7134.0146        1.0076233       0.94613239      -0.54346120E-01
  7134.3060       0.99712085       0.94652001      -0.64833194E-01
  7134.7701       0.98169006       0.94712738      -0.70563543E-01
  7135.2559       0.96889543       0.94775003      -0.59504880E-01
  7135.6770       0.95788811       0.94827901      -0.49705436E-01
  7135.9902       0.94901325       0.94866599      -0.40551869E-01
  7136.3141       0.94166736       0.94906065      -0.37987640E-01
  7136.7570       0.93381820       0.94959077      -0.34134389E-01
  7137.2322       0.92801360       0.95014787      -0.21194976E-01
  7137.6428       0.92534021       0.95061926      -0.83073076E-02
  7138.0533       0.92469068       0.95108170       0.28122446E-03
  7138.3667       0.92545270       0.95142864       0.95017368E-02
  7138.6801       0.92849137       0.95177043       0.24951473E-01
  7139.1016       0.93543329       0.95222205       0.40063820E-01
  7139.5880       0.94451690       0.95273177       0.45851817E-01
  7139.9664       0.95377401       0.95311987       0.47744841E-01
  7140.3015       0.96361484       0.95345757       0.49154442E-01
  7140.6043       0.97343579       0.95375774       0.58544085E-01
  7141.1017       0.98703247       0.95424097       0.57552800E-01
  7141.5451       0.99645691       0.95466138       0.40235748E-01
  7141.9670        1.0031268       0.95505237       0.24634674E-01
  7142.3456        1.0063108       0.95539592       0.10481027E-01
  7142.6810        1.0073192       0.95569447      -0.70996050E-03
  7143.0165        1.0060268       0.95598766      -0.17552209E-01
  7143.5034        1.0002983       0.95640381      -0.32947708E-01
  7143.9688       0.99284771       0.95679113      -0.40318726E-01
  7144.3693       0.98417081       0.95711639      -0.40980991E-01
  7144.6616       0.97645532       0.95734910      -0.43432990E-01
  7145.0081       0.96679761       0.95761989      -0.56011393E-01
  7145.5061       0.95405076       0.95799969      -0.59860582E-01
  7145.9285       0.94285338       0.95831305      -0.40350705E-01
  7146.1342       0.93791048       0.95846286      -0.69243531E-01
  7147.1308       0.91515597       0.95916219      -0.11432158
  7148.3769       0.89218185       0.95997682      -0.94140631E-01
  7149.4825       0.87749972       0.96064558      -0.63484757E-01
  7150.7729       0.86678794       0.96136390      -0.43959335E-01
  7151.9661       0.85991598       0.96197052      -0.29232777E-01
  7153.2031       0.85509483       0.96254305      -0.17032306E-01
  7154.5382       0.85310306       0.96309900      -0.12679948E-02
  7155.7110       0.85458763       0.96353627       0.18564892E-01
  7157.0580       0.86052902       0.96398201       0.37677302E-01
  7158.3621       0.86965856       0.96435843       0.46546817E-01
  7159.6775       0.87914774       0.96468576       0.52139693E-01
  7161.1349       0.89051443       0.96499002       0.54947800E-01
  7162.3752       0.90112686       0.96520312       0.69349521E-01
  7163.8554       0.91825424       0.96540538       0.11119338
  7165.2383       0.94560421       0.96554615       0.14791161
  7166.5673       0.97741889       0.96564039       0.16149603
  7168.1256        1.0102026       0.96570320       0.14999011
  7169.6520        1.0374149       0.96571867       0.11605475
  7171.0481        1.0566245       0.96569630       0.77752094E-01
  7172.5757        1.0685158       0.96563553       0.42917101E-01
  7174.1587        1.0737914       0.96553666       0.86188117E-02
  7175.6768        1.0719633       0.96541156      -0.28885976E-01
  7177.2065        1.0622370       0.96525952      -0.70404722E-01
  7178.9337        1.0438014       0.96506146      -0.95271303E-01
  7180.5524        1.0241285       0.96485535      -0.93705944E-01
  7182.1171        1.0063190       0.96464180      -0.83868126E-01
  7183.6825       0.99058121       0.96441832      -0.73166825E-01
  7185.4567       0.97705229       0.96415620      -0.67685310E-01
  7187.2319       0.96350708       0.96388484      -0.65329112E-01
  7188.9312       0.95092065       0.96361666      -0.58641687E-01
  7190.5875       0.94005041       0.96334746      -0.50696580E-01
  7192.3105       0.93064202       0.96305934      -0.37728091E-01
  7194.1551       0.92495917       0.96274185      -0.15479194E-01
  7196.0336       0.92445034       0.96240907       0.92779883E-02
  7197.8472       0.92867037       0.96207889       0.26822429E-01
  7199.5848       0.93517931       0.96175445       0.33394828E-01
  7201.3452       0.94202830       0.96141778       0.30895692E-01
  7203.3158       0.94753759       0.96103156       0.17690460E-01
  7205.3535       0.94910448       0.96062193       0.16173050E-02
  7207.2492       0.94818451       0.96023168      -0.42711593E-02
  7209.1459       0.94739602       0.95983250       0.57126810E-03
  7211.1209       0.94841302       0.95940774       0.10569179E-01
  7213.0750       0.95162369       0.95897850       0.22524287E-01
  7215.0412       0.95742273       0.95853773       0.33364526E-01
  7217.0748       0.96496950       0.95807267       0.37215650E-01
  7219.0322       0.97230899       0.95761640       0.29554319E-01
  7221.2010       0.97679123       0.95710113       0.79769954E-02
  7223.3269       0.97549979       0.95658637      -0.18700943E-01
  7225.4540       0.96931085       0.95606188      -0.38361121E-01
  7227.5271       0.96015534       0.95554188      -0.51011423E-01
  7229.6901       0.94890628       0.95499019      -0.58084906E-01
  7231.9100       0.93692138       0.95441455      -0.56794022E-01
  7234.0757       0.92618867       0.95384392      -0.43716620E-01
  7236.2428       0.91943473       0.95326425      -0.18606446E-01
  7238.4892       0.91874609       0.95265445       0.18959625E-01
  7240.7815       0.92701858       0.95202304       0.42661970E-01
  7243.0196       0.93581088       0.95139788       0.51668341E-01
  7245.2257       0.94768592       0.95077353       0.52215450E-01
  7247.5225       0.95669706       0.95011519       0.34494348E-01
  7249.8877       0.96148366       0.94942861       0.12713699E-01
  7252.2322       0.96178254       0.94873968      -0.31477943E-02
  7254.4441       0.96022454       0.94808232      -0.82747211E-02
  7256.8923       0.95847265       0.94734668      -0.44308652E-02
  7259.2080       0.95845219       0.94664334       0.45470800E-02
  7261.6595       0.96029148       0.94589104       0.11393245E-01
  7263.9447       0.96300949       0.94518296       0.12724692E-01
  7266.3884       0.96538136       0.94441876       0.10037045E-01
  7268.9011       0.96702431       0.94362575       0.46995858E-02
  7271.3707       0.96726120       0.94283952      -0.44827520E-02
  7273.9207       0.96523121       0.94202094      -0.15394945E-01
  7276.5063       0.96110322       0.94118428      -0.25605896E-01
  7279.0825       0.95498885       0.94034436      -0.34241023E-01
  7281.4918       0.94740681       0.93955354      -0.41851845E-01
  7284.1280       0.93824811       0.93868261      -0.46696132E-01
  7286.6761       0.92872836       0.93783566      -0.45620717E-01
  7289.1808       0.91999983       0.93699848      -0.41883974E-01
  7291.9020       0.91197477       0.93608418      -0.30942879E-01
  7294.6478       0.90762267       0.93515694      -0.13845581E-01
  7297.3619       0.90643653       0.93423630       0.14415670E-03
  7299.8969       0.90768034       0.93337304       0.13389162E-01
  7302.5698       0.91179220       0.93245975       0.23286262E-01
  7305.3240       0.91699484       0.93151574       0.26375607E-01
  7308.1031       0.92234244       0.93056066       0.26504315E-01
  7310.9298       0.92759657       0.92958706       0.22600936E-01
  7313.6451       0.93138281       0.92865022       0.15636068E-01
  7316.3398       0.93385099       0.92771939       0.95346427E-02
  7319.1731       0.93519667       0.92673991       0.46929809E-02
  7322.1113       0.93572819       0.92572389       0.70873492E-03
  7325.0177       0.93548017       0.92471908      -0.29121059E-02
  7327.7096       0.93456334       0.92378905      -0.63060633E-02
  7330.5978       0.93295774       0.92279243      -0.97235128E-02
  7333.6712       0.93067394       0.92173380      -0.12162720E-01
  7336.4156       0.92809265       0.92079067      -0.13840237E-01
  7339.2995       0.92513784       0.91980230      -0.16154196E-01
  7342.4034       0.92163097       0.91874218      -0.16697259E-01
  7345.3151       0.91845894       0.91775172      -0.14823953E-01
  7348.2866       0.91570139       0.91674549      -0.12268449E-01
  7351.3295       0.91355156       0.91572042      -0.85536958E-02
  7354.3750       0.91227991       0.91470050      -0.56817089E-02
  7357.4117       0.91127888       0.91369014      -0.58125086E-02
  7360.4970       0.90995491       0.91267096      -0.74850759E-02
  7363.5965       0.90828485       0.91165518      -0.84108987E-02
  7366.7103       0.90659055       0.91064342      -0.80766777E-02
  7369.8730       0.90505418       0.90962471      -0.67410943E-02
  7372.9923       0.90389411       0.90862878      -0.33188718E-02
  7376.1260       0.90372663       0.90763701      -0.98583629E-03
  7379.4708       0.90349978       0.90658799       0.20501388E-03
  7382.5638       0.90380863       0.90562670       0.16946728E-02
  7385.6710       0.90417765       0.90466940       0.40852822E-02
  7389.1177       0.90544275       0.90361733       0.46753595E-02
  7392.2540       0.90604779       0.90266891       0.22155782E-02
  7395.5907       0.90632898       0.90166911       0.25710712E-03
  7398.9190       0.90615064       0.90068130      -0.26341820E-02
  7402.0639       0.90527530       0.89975649      -0.66996924E-02
  7405.5498       0.90347076       0.89874109      -0.98131810E-02
  7408.7473       0.90135003       0.89781861      -0.12552498E-01
  7412.2865       0.89844976       0.89680738      -0.14315161E-01
  7415.6187       0.89562397       0.89586470      -0.14923323E-01
  7419.0125       0.89248043       0.89491387      -0.13598659E-01
  7422.4095       0.89018450       0.89397145      -0.97955399E-02
  7425.9271       0.88856221       0.89300534      -0.71611072E-02
  7429.3308       0.88732006       0.89207990      -0.41332007E-02
  7432.8317       0.88690893       0.89113755       0.48743425E-02
  7436.3831       0.88926980       0.89019141      -0.25544003E-02
  7439.7731       0.88588717       0.88929739      -0.10235210E-01
  7443.4493       0.88517571       0.88833792      -0.20245848E-02
  7446.9286       0.88507734       0.88743933      -0.41921118E-03
  7450.5530       0.88500803       0.88651301       0.37948689E-03
  7454.1930       0.88522913       0.88559266       0.11644948E-02
  7457.6709       0.88547383       0.88472248       0.14535011E-02
  7461.4010       0.88581054       0.88379912       0.12430265E-02
  7464.9808       0.88597104       0.88292254      -0.20433678E-03
  7468.7422       0.88572880       0.88201149      -0.17988778E-02
  7472.3293       0.88525149       0.88115212      -0.34528111E-02
  7476.0152       0.88434768       0.88027862      -0.46471671E-02
  7479.6095       0.88339262       0.87943603      -0.60665564E-02
  7483.6128       0.88192105       0.87850820      -0.89119003E-02
  7487.2267       0.87982786       0.87768013      -0.10429324E-01
  7491.0472       0.87774932       0.87681441      -0.10533166E-01
  7494.8121       0.87561459       0.87597099      -0.97935314E-02
  7498.5090       0.87383191       0.87515203      -0.79057645E-02
  7502.5692       0.87245229       0.87426305      -0.61572846E-02
  7506.2501       0.87136900       0.87346648      -0.42591507E-02
  7510.1629       0.87074863       0.87262938      -0.29979734E-02
  7514.0679       0.87016981       0.87180375      -0.31103782E-02
  7517.8207       0.86950448       0.87101945      -0.31926226E-02
  7521.9388       0.86889276       0.87016898      -0.33734801E-02
  7525.8082       0.86815508       0.86937947      -0.37189659E-02
  7529.6456       0.86740517       0.86860558      -0.35477030E-02
  7533.6442       0.86673600       0.86780871      -0.34489867E-02
  7537.6835       0.86602558       0.86701347      -0.28865559E-02
  7541.5698       0.86558138       0.86625747      -0.27001943E-02
  7545.7513       0.86494550       0.86545394      -0.57505907E-02
  7549.7434       0.86328114       0.86469624      -0.14629687E-02
  7553.5818       0.86436031       0.86397628       0.15095827E-02
  7557.8501       0.86388498       0.86318545      -0.21968947E-02
  7561.9286       0.86348155       0.86243927      -0.15840803E-02
  7565.8652       0.86325135       0.86172770      -0.23814454E-02
  7570.2090       0.86252898       0.86095227      -0.40456498E-02
  7574.3257       0.86163309       0.86022668      -0.47010104E-02
  7578.4593       0.86064857       0.85950709      -0.49120429E-02
  7582.4629       0.85966827       0.85881861      -0.50869958E-02
  7586.9000       0.85861377       0.85806513      -0.52252442E-02
  7591.0724       0.85757817       0.85736566      -0.46855881E-02
  7595.2004       0.85673954       0.85668213      -0.39175533E-02
  7599.5177       0.85601115       0.85597618      -0.43113709E-02
  7603.8154       0.85501499       0.85528233      -0.46839730E-02
  7608.1551       0.85413756       0.85459055      -0.39601060E-02
  7612.2900       0.85343095       0.85393958      -0.38564663E-02
  7616.5903       0.85259497       0.85327087      -0.37430454E-02
  7621.0319       0.85193373       0.85258894      -0.31443634E-02
  7625.4540       0.85133723       0.85191865      -0.31176527E-02
  7629.7573       0.85068667       0.85127450      -0.31823682E-02
  7634.1030       0.85006428       0.85063204      -0.24263428E-02
  7638.5657       0.84971613       0.84998048      -0.32693005E-02
  7643.1085       0.84875656       0.84932562      -0.25079670E-02
  7647.6819       0.84871294       0.84867473      -0.13788800E-02
  7652.1861       0.84820501       0.84804175      -0.25476718E-02
  7656.7082       0.84769388       0.84741410      -0.22242665E-02
  7661.1733       0.84731530       0.84680194      -0.24925009E-02
  7665.9195       0.84669688       0.84615931      -0.36080689E-02
  7670.5338       0.84587207       0.84554240      -0.36595416E-02
  7675.2543       0.84523306       0.84491926      -0.32517033E-02
  7679.8676       0.84457139       0.84431804      -0.32334456E-02
  7684.6000       0.84393968       0.84370926      -0.33920145E-02
  7689.2502       0.84321459       0.84311887      -0.35862282E-02
  7693.9694       0.84250519       0.84252762      -0.32119625E-02
  7698.8083       0.84192980       0.84192959      -0.30811095E-02
  7703.6156       0.84127275       0.84134371      -0.35077704E-02
  7708.4798       0.84052669       0.84075919      -0.33949333E-02
  7713.2742       0.83991477       0.84019121      -0.27837385E-02
  7718.1637       0.83941320       0.83962027      -0.25568944E-02
  7722.9579       0.83889201       0.83906857      -0.28296726E-02
  7727.8347       0.83828133       0.83851558      -0.29071877E-02
  7732.5775       0.83772914       0.83798569      -0.26121572E-02
  7737.5818       0.83723647       0.83743501      -0.23695589E-02
  7742.5161       0.83678132       0.83690048      -0.19390833E-02
  7747.5722       0.83646083       0.83636142      -0.15129308E-02
  7752.5197       0.83617614       0.83584240      -0.20088763E-02
  7757.5764       0.83565728       0.83532051      -0.25648121E-02
  7762.5372       0.83515022       0.83481697      -0.26175753E-02
  7767.6332       0.83461025       0.83430833      -0.26647769E-02
  7772.6331       0.83408431       0.83381779      -0.27929299E-02
  7777.7041       0.83349308       0.83332881      -0.26787942E-02
  7782.7174       0.83301279       0.83285384      -0.25311349E-02
  7787.8021       0.83248063       0.83238064      -0.25983910E-02
  7792.8288       0.83197343       0.83192124      -0.24401643E-02
  7797.9272       0.83150456       0.83146379      -0.22086282E-02
  7803.0195       0.83108998       0.83101541      -0.23023482E-02
  7808.1707       0.83058362       0.83057047      -0.24058913E-02
  7813.3029       0.83012763       0.83013576      -0.27337439E-02
  7818.4682       0.82949012       0.82970686      -0.25304516E-02
  7823.6536       0.82911545       0.82928496      -0.18259982E-02
  7828.8461       0.82875973       0.82887114      -0.20634977E-02
  7834.0982       0.82829005       0.82846135      -0.22090910E-02
  7839.3445       0.82787609       0.82806078      -0.17440401E-02
  7844.6637       0.82759243       0.82766356      -0.19430439E-02
  7849.9510       0.82709887       0.82727758      -0.21995176E-02
  7855.2851       0.82671262       0.82689709      -0.17994739E-02
  7860.6927       0.82637908       0.82652044      -0.15961410E-02
  7866.0156       0.82607417       0.82615860      -0.13386315E-02
  7871.4385       0.82584363       0.82579899      -0.16138244E-02
  7876.7896       0.82542864       0.82545304      -0.22812876E-02
  7882.2412       0.82493111       0.82510964      -0.17580859E-02
  7887.5942       0.82472540       0.82478129      -0.12626426E-02
  7893.1012       0.82442606       0.82445260      -0.17098918E-02
  7898.4962       0.82404145       0.82413950      -0.19962835E-02
  7904.0189       0.82362754       0.82382808      -0.14918791E-02
  7909.3892       0.82344469       0.82353403      -0.11926367E-02
  7914.9679       0.82315049       0.82323769      -0.11792286E-02
  7920.3670       0.82297300       0.82295970      -0.11793702E-02
  7925.9482       0.82267874       0.82268138      -0.17485560E-02
  7931.3762       0.82227358       0.82241949      -0.12874139E-02
  7936.9870       0.82216378       0.82215785      -0.89888100E-03
  7942.4576       0.82191403       0.82191158      -0.10580259E-02
  7948.1656       0.82174056       0.82166386       0.21705399E-03
  7953.7469       0.82200085       0.82143073      -0.11544622E-02
  7959.5394       0.82127878       0.82119822      -0.22089698E-02
  7965.1778       0.82111726       0.82098108      -0.87628458E-03
  7970.9875       0.82092827       0.82076679      -0.15143324E-02
  7976.6155       0.82051153       0.82056828      -0.77364550E-03
  7982.4016       0.82061881       0.82037346      -0.37988192E-03
  7988.0872       0.82035958       0.82019113      -0.10007865E-02
  7993.8222       0.82021849       0.82001631      -0.75123324E-03
  7999.4836       0.82005908       0.81985264      -0.91990812E-03
  8005.2492       0.81985053       0.81969500      -0.89754470E-03
  8011.1743       0.81970007       0.81954246      -0.55899312E-03
  8017.0398       0.81962693       0.81940084      -0.79684739E-03
  8023.0106       0.81938133       0.81926622      -0.13002119E-02
  8028.7975       0.81910685       0.81914488      -0.11446906E-02
  8034.6758       0.81892345       0.81903076      -0.70389303E-03
  8040.4110       0.81882529       0.81892826      -0.49633497E-03
  8046.4039       0.81872492       0.81883042      -0.66786207E-03
  8052.3644       0.81855815       0.81874244      -0.74783083E-03
  8058.3757       0.81842578       0.81866309      -0.65548090E-03
  8064.2849       0.81829595       0.81859421      -0.31299018E-03
  8070.2031       0.81830059       0.81853423      -0.51998715E-03
  8076.0885       0.81808796       0.81848347      -0.56134346E-03
  8082.0665       0.81807605       0.81844093       0.18112941E-03
  8084.0938       0.81816041       0.81842855       0.42180098E-03
